[2025-07-02 08:28:28] Event message available
[2025-07-02 08:28:28] netlink no sequence check received
[2025-07-02 08:28:28] nl80211 response handler invoked
[2025-07-02 08:28:28] Netlink msg: cmd=103, len=160
[2025-07-02 08:28:28] nl80211_response_handler: cmd 103, vendorID 4980, subcmd 165  received
[2025-07-02 08:28:28] NL80211_ATTR_VENDOR_DATA (112 bytes, first 112 bytes): 70 00 01 80 2c 00 00 80 08 00 01 00 00 00 00 00 08 00 02 00 02 00 00 00 18 00 03 80 14 00 00 80 08 00 01 00 17 00 00 00 08 00 02 00 64 14 00 00 40 00 01 80 08 00 01 00 01 00 00 00 08 00 02 00 01 00 00 00 2c 00 03 80 14 00 00 80 08 00 01 00 11 00 00 00 08 00 02 00 6c 09 00 00 14 00 01 80 08 00 01 00 16 00 00 00 08 00 02 00 85 09 00 00
[2025-07-02 08:29:58] Event message available
[2025-07-02 08:29:58] netlink no sequence check received
[2025-07-02 08:29:58] nl80211 response handler invoked
[2025-07-02 08:29:58] Netlink msg: cmd=103, len=116
[2025-07-02 08:29:58] nl80211_response_handler: cmd 103, vendorID 4980, subcmd 65025  received
[2025-07-02 08:29:58] NL80211_ATTR_VENDOR_DATA (68 bytes, first 68 bytes): 44 00 00 80 08 00 01 00 6c 09 00 00 08 00 02 00 01 00 00 00 12 00 03 00 41 6e 64 72 6f 69 64 41 50 5f 38 32 30 31 00 00 08 00 04 00 03 00 00 00 08 00 05 00 00 00 00 00 0a 00 06 00 77 6c 61 6e 32 00 00 00
[2025-07-02 08:53:44] Event message available
[2025-07-02 08:53:44] netlink no sequence check received
[2025-07-02 08:53:44] nl80211 response handler invoked
[2025-07-02 08:53:44] Netlink msg: cmd=103, len=432
[2025-07-02 08:53:44] nl80211_response_handler: cmd 103, vendorID 4980, subcmd 107  received
[2025-07-02 08:53:44] NL80211_ATTR_VENDOR_DATA (364 bytes, first 256 bytes): 04 00 03 80 24 01 02 80 08 00 00 00 6c 09 00 00 08 00 01 00 71 09 00 00 08 00 02 00 76 09 00 00 08 00 03 00 7b 09 00 00 08 00 04 00 80 09 00 00 08 00 05 00 85 09 00 00 08 00 06 00 8a 09 00 00 08 00 07 00 8f 09 00 00 08 00 08 00 94 09 00 00 08 00 09 00 99 09 00 00 08 00 0a 00 9e 09 00 00 08 00 0b 00 3c 14 00 00 08 00 0c 00 50 14 00 00 08 00 0d 00 64 14 00 00 08 00 0e 00 78 14 00 00 08 00 0f 00 8c 14 00 00 08 00 10 00 a0 14 00 00 08 00 11 00 b4 14 00 00 08 00 12 00 c8 14 00 00 08 00 13 00 7c 15 00 00 08 00 14 00 90 15 00 00 08 00 15 00 a4 15 00 00 08 00 16 00 b8 15 00 00 08 00 17 00 cc 15 00 00 08 00 18 00 e0 15 00 00 08 00 19 00 f4 15 00 00 08 00 1a 00 08 16 00 00 08 00 1b 00 1c 16 00 00 08 00 1c 00 30 16 00 00 08 00 1d 00 44 16 00 00 08 00 1e 00 58 16 00 00
