[1970-01-01 00:00:58] netlink ack handler invoked
[1970-01-01 00:00:58] cnss_nl80211_init: wifi nl socket successfully initialized
[1970-01-01 00:01:00] Event message available
[1970-01-01 00:01:00] netlink no sequence check received
[1970-01-01 00:01:00] nl80211 response handler invoked
[1970-01-01 00:01:00] Netlink msg: cmd=103, len=60
[1970-01-01 00:01:00] nl80211_response_handler: cmd 103, vendorID 4980, subcmd 181  received
[1970-01-01 00:01:00] NL80211_ATTR_VENDOR_DATA (12 bytes, first 12 bytes): 0a 00 03 00 ff ff ff ff ff ff 00 00
[1970-01-01 00:00:45] netlink ack handler invoked
[1970-01-01 00:00:45] cnss_nl80211_init: wifi nl socket successfully initialized
[1970-01-01 00:00:48] Event message available
[1970-01-01 00:00:48] netlink no sequence check received
[1970-01-01 00:00:48] nl80211 response handler invoked
[1970-01-01 00:00:48] Netlink msg: cmd=103, len=60
[1970-01-01 00:00:48] nl80211_response_handler: cmd 103, vendorID 4980, subcmd 181  received
[1970-01-01 00:00:48] NL80211_ATTR_VENDOR_DATA (12 bytes, first 12 bytes): 0a 00 03 00 ff ff ff ff ff ff 00 00
[2025-07-02 08:27:57] Event message available
[2025-07-02 08:27:57] netlink no sequence check received
[2025-07-02 08:27:57] nl80211 response handler invoked
[2025-07-02 08:27:57] Netlink msg: cmd=103, len=172
[2025-07-02 08:27:57] nl80211_response_handler: cmd 103, vendorID 4980, subcmd 12  received
[2025-07-02 08:27:57] NL80211_ATTR_VENDOR_DATA (104 bytes, first 104 bytes): 68 00 02 00 21 02 64 00 00 00 03 00 00 00 00 00 00 00 00 00 01 00 00 00 06 00 00 00 06 00 00 00 ff 00 00 00 ff 00 00 00 fe 01 00 00 ff 00 00 00 80 00 00 00 20 00 00 00 01 00 00 00 08 00 00 00 ff 00 00 00 06 00 00 00 07 00 00 00 01 00 00 00 00 01 00 00 1d 02 84 08 2a 00 00 00 00 00 00 00 00 00 00 00 00 00 00 00
[2025-07-02 08:27:57] Event message available
[2025-07-02 08:27:57] netlink no sequence check received
[2025-07-02 08:27:57] nl80211 response handler invoked
[2025-07-02 08:27:57] Netlink msg: cmd=103, len=124
[2025-07-02 08:27:57] nl80211_response_handler: cmd 103, vendorID 4980, subcmd 65026  received
[2025-07-02 08:27:57] NL80211_ATTR_VENDOR_DATA (56 bytes, first 56 bytes): 0a 00 01 00 77 6c 61 6e 32 00 00 00 08 00 02 00 03 00 00 00 05 00 03 00 03 00 00 00 08 00 04 00 00 00 00 00 0a 00 05 00 ae d9 29 c4 79 ef 00 00 08 00 06 00 00 00 00 00
[2025-07-02 08:27:57] Event message available
[2025-07-02 08:27:57] netlink no sequence check received
[2025-07-02 08:27:57] nl80211 response handler invoked
[2025-07-02 08:27:57] Netlink msg: cmd=103, len=1068
[2025-07-02 08:27:57] nl80211_response_handler: cmd 103, vendorID 4980, subcmd 65039  received
[2025-07-02 08:27:57] NL80211_ATTR_VENDOR_DATA (1020 bytes, first 1020 bytes): 07 00 01 00 55 53 00 00 f4 03 02 80 1c 00 03 80 08 00 04 00 6c 09 00 00 08 00 05 00 1e 00 00 00 08 00 06 00 a0 01 08 00 1c 00 03 80 08 00 04 00 71 09 00 00 08 00 05 00 1e 00 00 00 08 00 06 00 a0 01 08 00 1c 00 03 80 08 00 04 00 76 09 00 00 08 00 05 00 1e 00 00 00 08 00 06 00 a0 01 08 00 1c 00 03 80 08 00 04 00 7b 09 00 00 08 00 05 00 1e 00 00 00 08 00 06 00 a0 01 08 00 1c 00 03 80 08 00 04 00 80 09 00 00 08 00 05 00 1e 00 00 00 08 00 06 00 80 01 08 00 1c 00 03 80 08 00 04 00 85 09 00 00 08 00 05 00 1e 00 00 00 08 00 06 00 80 01 08 00 1c 00 03 80 08 00 04 00 8a 09 00 00 08 00 05 00 1e 00 00 00 08 00 06 00 80 01 08 00 1c 00 03 80 08 00 04 00 8f 09 00 00 08 00 05 00 1e 00 00 00 08 00 06 00 90 01 08 00 1c 00 03 80 08 00 04 00 94 09 00 00 08 00 05 00 1e 00 00 00 08 00 06 00 90 01 08 00 1c 00 03 80 08 00 04 00 99 09 00 00 08 00 05 00 1e 00 00 00 08 00 06 00 90 01 08 00 1c 00 03 80 08 00 04 00 9e 09 00 00 08 00 05 00 1e 00 00 00 08 00 06 00 90 01 08 00 1c 00 03 80 08 00 04 00 3c 14 00 00 08 00 05 00 18 00 00 00 08 00 06 00 20 00 08 00 1c 00 03 80 08 00 04 00 50 14 00 00 08 00 05 00 18 00 00 00 08 00 06 00 00 00 08 00 1c 00 03 80 08 00 04 00 64 14 00 00 08 00 05 00 18 00 00 00 08 00 06 00 00 00 08 00 1c 00 03 80 08 00 04 00 78 14 00 00 08 00 05 00 18 00 00 00 08 00 06 00 00 00 08 00 1c 00 03 80 08 00 04 00 8c 14 00 00 08 00 05 00 18 00 00 00 08 00 06 00 08 00 08 00 1c 00 03 80 08 00 04 00 a0 14 00 00 08 00 05 00 18 00 00 00 08 00 06 00 08 00 08 00 1c 00 03 80 08 00 04 00 b4 14 00 00 08 00 05 00 18 00 00 00 08 00 06 00 08 00 08 00 1c 00 03 80 08 00 04 00 c8 14 00 00 08 00 05 00 18 00 00 00 08 00 06 00 18 00 08 00 1c 00 03 80 08 00 04 00 7c 15 00 00 08 00 05 00 18 00 00 00 08 00 06 00 28 00 08 00 1c 00 03 80 08 00 04 00 90 15 00 00 08 00 05 00 18 00 00 00 08 00 06 00 08 00 08 00 1c 00 03 80 08 00 04 00 a4 15 00 00 08 00 05 00 18 00 00 00 08 00 06 00 08 00 08 00 1c 00 03 80 08 00 04 00 b8 15 00 00 08 00 05 00 18 00 00 00 08 00 06 00 08 00 08 00 1c 00 03 80 08 00 04 00 cc 15 00 00 08 00 05 00 18 00 00 00 08 00 06 00 08 00 08 00 1c 00 03 80 08 00 04 00 e0 15 00 00 08 00 05 00 18 00 00 00 08 00 06 00 08 00 08 00 1c 00 03 80 08 00 04 00 f4 15 00 00 08 00 05 00 18 00 00 00 08 00 06 00 08 00 08 00 1c 00 03 80 08 00 04 00 08 16 00 00 08 00 05 00 18 00 00 00 08 00 06 00 08 00 08 00 1c 00 03 80 08 00 04 00 1c 16 00 00 08 00 05 00 18 00 00 00 08 00 06 00 08 00 08 00 1c 00 03 80 08 00 04 00 30 16 00 00 08 00 05 00 18 00 00 00 08 00 06 00 08 00 08 00 1c 00 03 80 08 00 04 00 44 16 00 00 08 00 05 00 18 00 00 00 08 00 06 00 08 00 08 00 1c 00 03 80 08 00 04 00 58 16 00 00 08 00 05 00 18 00 00 00 08 00 06 00 18 00 08 00 1c 00 03 80 08 00 04 00 71 16 00 00 08 00 05 00 1e 00 00 00 08 00 06 00 20 00 08 00 1c 00 03 80 08 00 04 00 85 16 00 00 08 00 05 00 1e 00 00 00 08 00 06 00 00 00 08 00 1c 00 03 80 08 00 04 00 99 16 00 00 08 00 05 00 1e 00 00 00 08 00 06 00 00 00 08 00 1c 00 03 80 08 00 04 00 ad 16 00 00 08 00 05 00 1e 00 00 00 08 00 06 00 00 00 08 00 1c 00 03 80 08 00 04 00 c1 16 00 00 08 00 05 00 1e 00 00 00 08 00 06 00 10 00 08 00
[2025-07-02 08:27:58] Event message available
[2025-07-02 08:27:58] netlink no sequence check received
[2025-07-02 08:27:58] nl80211 response handler invoked
[2025-07-02 08:27:58] Netlink msg: cmd=103, len=148
[2025-07-02 08:27:58] nl80211_response_handler: cmd 103, vendorID 4980, subcmd 54  received
[2025-07-02 08:27:58] NL80211_ATTR_VENDOR_DATA (80 bytes, first 80 bytes): 08 00 0c 00 85 09 00 00 08 00 0d 00 99 09 00 00 08 00 0e 00 00 00 00 00 08 00 0f 00 00 00 00 00 05 00 01 00 06 00 00 00 05 00 02 00 0a 00 00 00 05 00 09 00 00 00 00 00 05 00 0a 00 00 00 00 00 06 00 07 00 28 00 00 00 05 00 03 00 01 00 00 00
[2025-07-02 08:27:58] Event message available
[2025-07-02 08:27:58] netlink no sequence check received
[2025-07-02 08:27:58] nl80211 response handler invoked
[2025-07-02 08:27:58] Netlink msg: cmd=103, len=80
[2025-07-02 08:27:58] nl80211_response_handler: cmd 103, vendorID 4980, subcmd 106  received
[2025-07-02 08:27:58] NL80211_ATTR_VENDOR_DATA (12 bytes, first 12 bytes): 0c 00 07 00 00 a8 5a e8 88 ff ff ff
[2025-07-02 08:27:59] Event message available
[2025-07-02 08:27:59] netlink no sequence check received
[2025-07-02 08:27:59] nl80211 response handler invoked
[2025-07-02 08:27:59] Netlink msg: cmd=103, len=184
[2025-07-02 08:27:59] nl80211_response_handler: cmd 103, vendorID 4980, subcmd 107  received
[2025-07-02 08:27:59] NL80211_ATTR_VENDOR_DATA (116 bytes, first 116 bytes): 04 00 03 80 5c 00 02 80 08 00 00 00 6c 09 00 00 08 00 01 00 71 09 00 00 08 00 02 00 76 09 00 00 08 00 03 00 7b 09 00 00 08 00 04 00 80 09 00 00 08 00 05 00 85 09 00 00 08 00 06 00 8a 09 00 00 08 00 07 00 8f 09 00 00 08 00 08 00 94 09 00 00 08 00 09 00 99 09 00 00 08 00 0a 00 9e 09 00 00 0c 00 07 00 00 a8 5a e8 88 ff ff ff 05 00 08 00 00 00 00 00
[2025-07-02 08:27:59] Event message available
[2025-07-02 08:27:59] netlink no sequence check received
[2025-07-02 08:27:59] nl80211 response handler invoked
[2025-07-02 08:27:59] Netlink msg: cmd=103, len=96
[2025-07-02 08:27:59] nl80211_response_handler: cmd 103, vendorID 4980, subcmd 165  received
[2025-07-02 08:27:59] NL80211_ATTR_VENDOR_DATA (48 bytes, first 48 bytes): 30 00 01 80 2c 00 01 80 08 00 01 00 01 00 00 00 08 00 02 00 01 00 00 00 18 00 03 80 14 00 00 80 08 00 01 00 16 00 00 00 08 00 02 00 85 09 00 00
[2025-07-02 08:27:59] Event message available
[2025-07-02 08:27:59] netlink no sequence check received
[2025-07-02 08:27:59] nl80211 response handler invoked
[2025-07-02 08:27:59] Netlink msg: cmd=103, len=116
[2025-07-02 08:27:59] nl80211_response_handler: cmd 103, vendorID 4980, subcmd 65025  received
[2025-07-02 08:27:59] NL80211_ATTR_VENDOR_DATA (68 bytes, first 68 bytes): 44 00 00 80 08 00 01 00 85 09 00 00 08 00 02 00 01 00 00 00 12 00 03 00 41 6e 64 72 6f 69 64 41 50 5f 36 33 34 34 00 00 08 00 04 00 03 00 00 00 08 00 05 00 00 00 00 00 0a 00 06 00 77 6c 61 6e 32 00 00 00
[2025-07-02 08:27:59] Event message available
[2025-07-02 08:27:59] netlink no sequence check received
[2025-07-02 08:27:59] nl80211 response handler invoked
[2025-07-02 08:27:59] Netlink msg: cmd=103, len=92
[2025-07-02 08:27:59] nl80211_response_handler: cmd 103, vendorID 4980, subcmd 65032  received
[2025-07-02 08:27:59] NL80211_ATTR_VENDOR_DATA (44 bytes, first 44 bytes): 0a 00 01 00 77 6c 61 6e 32 00 00 00 08 00 02 00 01 00 00 00 08 00 03 00 01 00 00 00 08 00 04 00 00 00 00 00 08 00 05 00 00 00 00 00
[2025-07-02 08:27:59] Event message available
[2025-07-02 08:27:59] netlink no sequence check received
[2025-07-02 08:27:59] nl80211 response handler invoked
[2025-07-02 08:27:59] Netlink msg: cmd=103, len=96
[2025-07-02 08:27:59] nl80211_response_handler: cmd 103, vendorID 4980, subcmd 65036  received
[2025-07-02 08:27:59] NL80211_ATTR_VENDOR_DATA (48 bytes, first 48 bytes): 0a 00 01 00 77 6c 61 6e 32 00 00 00 08 00 02 00 01 00 00 00 08 00 03 00 01 00 00 00 0a 00 04 00 ff ff ff ff ff ff 00 00 08 00 05 00 00 00 00 00
[2025-07-02 08:27:59] Event message available
[2025-07-02 08:27:59] netlink no sequence check received
[2025-07-02 08:27:59] nl80211 response handler invoked
[2025-07-02 08:27:59] Netlink msg: cmd=103, len=92
[2025-07-02 08:27:59] nl80211_response_handler: cmd 103, vendorID 4980, subcmd 101  received
[2025-07-02 08:27:59] NL80211_ATTR_VENDOR_DATA (24 bytes, first 24 bytes): 0c 00 05 00 02 00 00 00 01 00 00 00 0a 00 04 00 ff ff ff ff ff ff 00 00
[2025-07-02 08:27:59] Event message available
[2025-07-02 08:27:59] netlink no sequence check received
[2025-07-02 08:27:59] nl80211 response handler invoked
[2025-07-02 08:27:59] Netlink msg: cmd=103, len=92
[2025-07-02 08:27:59] nl80211_response_handler: cmd 103, vendorID 4980, subcmd 101  received
[2025-07-02 08:27:59] NL80211_ATTR_VENDOR_DATA (24 bytes, first 24 bytes): 0c 00 05 00 02 00 00 00 01 00 00 00 0a 00 04 00 ff ff ff ff ff ff 00 00
[2025-07-02 08:27:59] Event message available
[2025-07-02 08:27:59] netlink no sequence check received
[2025-07-02 08:27:59] nl80211 response handler invoked
[2025-07-02 08:27:59] Netlink msg: cmd=103, len=92
[2025-07-02 08:27:59] nl80211_response_handler: cmd 103, vendorID 4980, subcmd 101  received
[2025-07-02 08:27:59] NL80211_ATTR_VENDOR_DATA (24 bytes, first 24 bytes): 0c 00 05 00 02 00 00 00 01 00 00 00 0a 00 04 00 ff ff ff ff ff ff 00 00
[2025-07-02 08:29:12] Event message available
[2025-07-02 08:29:12] netlink no sequence check received
[2025-07-02 08:29:12] nl80211 response handler invoked
[2025-07-02 08:29:12] Netlink msg: cmd=103, len=1068
[2025-07-02 08:29:12] nl80211_response_handler: cmd 103, vendorID 4980, subcmd 65039  received
[2025-07-02 08:29:12] NL80211_ATTR_VENDOR_DATA (1020 bytes, first 1020 bytes): 07 00 01 00 43 4e 00 00 f4 03 02 80 1c 00 03 80 08 00 04 00 6c 09 00 00 08 00 05 00 1e 00 00 00 08 00 06 00 a0 01 08 00 1c 00 03 80 08 00 04 00 71 09 00 00 08 00 05 00 1e 00 00 00 08 00 06 00 a0 01 08 00 1c 00 03 80 08 00 04 00 76 09 00 00 08 00 05 00 1e 00 00 00 08 00 06 00 a0 01 08 00 1c 00 03 80 08 00 04 00 7b 09 00 00 08 00 05 00 1e 00 00 00 08 00 06 00 a0 01 08 00 1c 00 03 80 08 00 04 00 80 09 00 00 08 00 05 00 1e 00 00 00 08 00 06 00 80 01 08 00 1c 00 03 80 08 00 04 00 85 09 00 00 08 00 05 00 1e 00 00 00 08 00 06 00 80 01 08 00 1c 00 03 80 08 00 04 00 8a 09 00 00 08 00 05 00 1e 00 00 00 08 00 06 00 80 01 08 00 1c 00 03 80 08 00 04 00 8f 09 00 00 08 00 05 00 1e 00 00 00 08 00 06 00 90 01 08 00 1c 00 03 80 08 00 04 00 94 09 00 00 08 00 05 00 1e 00 00 00 08 00 06 00 90 01 08 00 1c 00 03 80 08 00 04 00 99 09 00 00 08 00 05 00 1e 00 00 00 08 00 06 00 90 01 08 00 1c 00 03 80 08 00 04 00 9e 09 00 00 08 00 05 00 1e 00 00 00 08 00 06 00 90 01 08 00 1c 00 03 80 08 00 04 00 3c 14 00 00 08 00 05 00 18 00 00 00 08 00 06 00 20 00 08 00 1c 00 03 80 08 00 04 00 50 14 00 00 08 00 05 00 18 00 00 00 08 00 06 00 00 00 08 00 1c 00 03 80 08 00 04 00 64 14 00 00 08 00 05 00 18 00 00 00 08 00 06 00 00 00 08 00 1c 00 03 80 08 00 04 00 78 14 00 00 08 00 05 00 18 00 00 00 08 00 06 00 00 00 08 00 1c 00 03 80 08 00 04 00 8c 14 00 00 08 00 05 00 18 00 00 00 08 00 06 00 08 00 08 00 1c 00 03 80 08 00 04 00 a0 14 00 00 08 00 05 00 18 00 00 00 08 00 06 00 08 00 08 00 1c 00 03 80 08 00 04 00 b4 14 00 00 08 00 05 00 18 00 00 00 08 00 06 00 08 00 08 00 1c 00 03 80 08 00 04 00 c8 14 00 00 08 00 05 00 18 00 00 00 08 00 06 00 18 00 08 00 1c 00 03 80 08 00 04 00 7c 15 00 00 08 00 05 00 18 00 00 00 08 00 06 00 28 00 08 00 1c 00 03 80 08 00 04 00 90 15 00 00 08 00 05 00 18 00 00 00 08 00 06 00 08 00 08 00 1c 00 03 80 08 00 04 00 a4 15 00 00 08 00 05 00 18 00 00 00 08 00 06 00 08 00 08 00 1c 00 03 80 08 00 04 00 b8 15 00 00 08 00 05 00 18 00 00 00 08 00 06 00 08 00 08 00 1c 00 03 80 08 00 04 00 cc 15 00 00 08 00 05 00 18 00 00 00 08 00 06 00 08 00 08 00 1c 00 03 80 08 00 04 00 e0 15 00 00 08 00 05 00 18 00 00 00 08 00 06 00 08 00 08 00 1c 00 03 80 08 00 04 00 f4 15 00 00 08 00 05 00 18 00 00 00 08 00 06 00 08 00 08 00 1c 00 03 80 08 00 04 00 08 16 00 00 08 00 05 00 18 00 00 00 08 00 06 00 08 00 08 00 1c 00 03 80 08 00 04 00 1c 16 00 00 08 00 05 00 18 00 00 00 08 00 06 00 08 00 08 00 1c 00 03 80 08 00 04 00 30 16 00 00 08 00 05 00 18 00 00 00 08 00 06 00 08 00 08 00 1c 00 03 80 08 00 04 00 44 16 00 00 08 00 05 00 18 00 00 00 08 00 06 00 08 00 08 00 1c 00 03 80 08 00 04 00 58 16 00 00 08 00 05 00 18 00 00 00 08 00 06 00 18 00 08 00 1c 00 03 80 08 00 04 00 71 16 00 00 08 00 05 00 1e 00 00 00 08 00 06 00 20 00 08 00 1c 00 03 80 08 00 04 00 85 16 00 00 08 00 05 00 1e 00 00 00 08 00 06 00 00 00 08 00 1c 00 03 80 08 00 04 00 99 16 00 00 08 00 05 00 1e 00 00 00 08 00 06 00 00 00 08 00 1c 00 03 80 08 00 04 00 ad 16 00 00 08 00 05 00 1e 00 00 00 08 00 06 00 00 00 08 00 1c 00 03 80 08 00 04 00 c1 16 00 00 08 00 05 00 1e 00 00 00 08 00 06 00 10 00 08 00
[2025-07-02 08:36:09] Event message available
[2025-07-02 08:36:09] netlink no sequence check received
[2025-07-02 08:36:09] nl80211 response handler invoked
[2025-07-02 08:36:09] Netlink msg: cmd=103, len=788
[2025-07-02 08:36:09] nl80211_response_handler: cmd 103, vendorID 4980, subcmd 65039  received
[2025-07-02 08:36:09] NL80211_ATTR_VENDOR_DATA (740 bytes, first 740 bytes): 07 00 01 00 55 53 00 00 dc 02 02 80 1c 00 03 80 08 00 04 00 6c 09 00 00 08 00 05 00 14 00 00 00 08 00 06 00 a0 01 08 00 1c 00 03 80 08 00 04 00 71 09 00 00 08 00 05 00 14 00 00 00 08 00 06 00 a0 01 08 00 1c 00 03 80 08 00 04 00 76 09 00 00 08 00 05 00 14 00 00 00 08 00 06 00 a0 01 08 00 1c 00 03 80 08 00 04 00 7b 09 00 00 08 00 05 00 14 00 00 00 08 00 06 00 a0 01 08 00 1c 00 03 80 08 00 04 00 80 09 00 00 08 00 05 00 14 00 00 00 08 00 06 00 80 01 08 00 1c 00 03 80 08 00 04 00 85 09 00 00 08 00 05 00 14 00 00 00 08 00 06 00 80 01 08 00 1c 00 03 80 08 00 04 00 8a 09 00 00 08 00 05 00 14 00 00 00 08 00 06 00 80 01 08 00 1c 00 03 80 08 00 04 00 8f 09 00 00 08 00 05 00 14 00 00 00 08 00 06 00 80 01 08 00 1c 00 03 80 08 00 04 00 94 09 00 00 08 00 05 00 14 00 00 00 08 00 06 00 80 01 08 00 1c 00 03 80 08 00 04 00 99 09 00 00 08 00 05 00 14 00 00 00 08 00 06 00 90 01 08 00 1c 00 03 80 08 00 04 00 9e 09 00 00 08 00 05 00 14 00 00 00 08 00 06 00 90 01 08 00 1c 00 03 80 08 00 04 00 a3 09 00 00 08 00 05 00 14 00 00 00 08 00 06 00 90 01 08 00 1c 00 03 80 08 00 04 00 a8 09 00 00 08 00 05 00 14 00 00 00 08 00 06 00 90 01 08 00 1c 00 03 80 08 00 04 00 3c 14 00 00 08 00 05 00 17 00 00 00 08 00 06 00 20 00 08 00 1c 00 03 80 08 00 04 00 50 14 00 00 08 00 05 00 17 00 00 00 08 00 06 00 00 00 08 00 1c 00 03 80 08 00 04 00 64 14 00 00 08 00 05 00 17 00 00 00 08 00 06 00 00 00 08 00 1c 00 03 80 08 00 04 00 78 14 00 00 08 00 05 00 17 00 00 00 08 00 06 00 00 00 08 00 1c 00 03 80 08 00 04 00 8c 14 00 00 08 00 05 00 17 00 00 00 08 00 06 00 08 00 08 00 1c 00 03 80 08 00 04 00 a0 14 00 00 08 00 05 00 17 00 00 00 08 00 06 00 08 00 08 00 1c 00 03 80 08 00 04 00 b4 14 00 00 08 00 05 00 17 00 00 00 08 00 06 00 08 00 08 00 1c 00 03 80 08 00 04 00 c8 14 00 00 08 00 05 00 17 00 00 00 08 00 06 00 18 00 08 00 1c 00 03 80 08 00 04 00 71 16 00 00 08 00 05 00 21 00 00 00 08 00 06 00 20 01 08 00 1c 00 03 80 08 00 04 00 85 16 00 00 08 00 05 00 21 00 00 00 08 00 06 00 00 01 08 00 1c 00 03 80 08 00 04 00 99 16 00 00 08 00 05 00 21 00 00 00 08 00 06 00 00 01 08 00 1c 00 03 80 08 00 04 00 ad 16 00 00 08 00 05 00 21 00 00 00 08 00 06 00 00 01 08 00 1c 00 03 80 08 00 04 00 c1 16 00 00 08 00 05 00 21 00 00 00 08 00 06 00 10 01 08 00
[2025-07-02 08:37:35] Event message available
[2025-07-02 08:37:35] netlink no sequence check received
[2025-07-02 08:37:35] nl80211 response handler invoked
[2025-07-02 08:37:35] Netlink msg: cmd=103, len=1068
[2025-07-02 08:37:35] nl80211_response_handler: cmd 103, vendorID 4980, subcmd 65039  received
[2025-07-02 08:37:35] NL80211_ATTR_VENDOR_DATA (1020 bytes, first 1020 bytes): 07 00 01 00 43 4e 00 00 f4 03 02 80 1c 00 03 80 08 00 04 00 6c 09 00 00 08 00 05 00 1e 00 00 00 08 00 06 00 a0 01 08 00 1c 00 03 80 08 00 04 00 71 09 00 00 08 00 05 00 1e 00 00 00 08 00 06 00 a0 01 08 00 1c 00 03 80 08 00 04 00 76 09 00 00 08 00 05 00 1e 00 00 00 08 00 06 00 a0 01 08 00 1c 00 03 80 08 00 04 00 7b 09 00 00 08 00 05 00 1e 00 00 00 08 00 06 00 a0 01 08 00 1c 00 03 80 08 00 04 00 80 09 00 00 08 00 05 00 1e 00 00 00 08 00 06 00 80 01 08 00 1c 00 03 80 08 00 04 00 85 09 00 00 08 00 05 00 1e 00 00 00 08 00 06 00 80 01 08 00 1c 00 03 80 08 00 04 00 8a 09 00 00 08 00 05 00 1e 00 00 00 08 00 06 00 80 01 08 00 1c 00 03 80 08 00 04 00 8f 09 00 00 08 00 05 00 1e 00 00 00 08 00 06 00 90 01 08 00 1c 00 03 80 08 00 04 00 94 09 00 00 08 00 05 00 1e 00 00 00 08 00 06 00 90 01 08 00 1c 00 03 80 08 00 04 00 99 09 00 00 08 00 05 00 1e 00 00 00 08 00 06 00 90 01 08 00 1c 00 03 80 08 00 04 00 9e 09 00 00 08 00 05 00 1e 00 00 00 08 00 06 00 90 01 08 00 1c 00 03 80 08 00 04 00 3c 14 00 00 08 00 05 00 18 00 00 00 08 00 06 00 20 00 08 00 1c 00 03 80 08 00 04 00 50 14 00 00 08 00 05 00 18 00 00 00 08 00 06 00 00 00 08 00 1c 00 03 80 08 00 04 00 64 14 00 00 08 00 05 00 18 00 00 00 08 00 06 00 00 00 08 00 1c 00 03 80 08 00 04 00 78 14 00 00 08 00 05 00 18 00 00 00 08 00 06 00 00 00 08 00 1c 00 03 80 08 00 04 00 8c 14 00 00 08 00 05 00 18 00 00 00 08 00 06 00 08 00 08 00 1c 00 03 80 08 00 04 00 a0 14 00 00 08 00 05 00 18 00 00 00 08 00 06 00 08 00 08 00 1c 00 03 80 08 00 04 00 b4 14 00 00 08 00 05 00 18 00 00 00 08 00 06 00 08 00 08 00 1c 00 03 80 08 00 04 00 c8 14 00 00 08 00 05 00 18 00 00 00 08 00 06 00 18 00 08 00 1c 00 03 80 08 00 04 00 7c 15 00 00 08 00 05 00 18 00 00 00 08 00 06 00 28 00 08 00 1c 00 03 80 08 00 04 00 90 15 00 00 08 00 05 00 18 00 00 00 08 00 06 00 08 00 08 00 1c 00 03 80 08 00 04 00 a4 15 00 00 08 00 05 00 18 00 00 00 08 00 06 00 08 00 08 00 1c 00 03 80 08 00 04 00 b8 15 00 00 08 00 05 00 18 00 00 00 08 00 06 00 08 00 08 00 1c 00 03 80 08 00 04 00 cc 15 00 00 08 00 05 00 18 00 00 00 08 00 06 00 08 00 08 00 1c 00 03 80 08 00 04 00 e0 15 00 00 08 00 05 00 18 00 00 00 08 00 06 00 08 00 08 00 1c 00 03 80 08 00 04 00 f4 15 00 00 08 00 05 00 18 00 00 00 08 00 06 00 08 00 08 00 1c 00 03 80 08 00 04 00 08 16 00 00 08 00 05 00 18 00 00 00 08 00 06 00 08 00 08 00 1c 00 03 80 08 00 04 00 1c 16 00 00 08 00 05 00 18 00 00 00 08 00 06 00 08 00 08 00 1c 00 03 80 08 00 04 00 30 16 00 00 08 00 05 00 18 00 00 00 08 00 06 00 08 00 08 00 1c 00 03 80 08 00 04 00 44 16 00 00 08 00 05 00 18 00 00 00 08 00 06 00 08 00 08 00 1c 00 03 80 08 00 04 00 58 16 00 00 08 00 05 00 18 00 00 00 08 00 06 00 18 00 08 00 1c 00 03 80 08 00 04 00 71 16 00 00 08 00 05 00 1e 00 00 00 08 00 06 00 20 00 08 00 1c 00 03 80 08 00 04 00 85 16 00 00 08 00 05 00 1e 00 00 00 08 00 06 00 00 00 08 00 1c 00 03 80 08 00 04 00 99 16 00 00 08 00 05 00 1e 00 00 00 08 00 06 00 00 00 08 00 1c 00 03 80 08 00 04 00 ad 16 00 00 08 00 05 00 1e 00 00 00 08 00 06 00 00 00 08 00 1c 00 03 80 08 00 04 00 c1 16 00 00 08 00 05 00 1e 00 00 00 08 00 06 00 10 00 08 00
[2025-07-02 08:51:16] Event message available
[2025-07-02 08:51:16] netlink no sequence check received
[2025-07-02 08:51:16] nl80211 response handler invoked
[2025-07-02 08:51:16] Netlink msg: cmd=103, len=788
[2025-07-02 08:51:16] nl80211_response_handler: cmd 103, vendorID 4980, subcmd 65039  received
[2025-07-02 08:51:16] NL80211_ATTR_VENDOR_DATA (740 bytes, first 740 bytes): 07 00 01 00 50 54 00 00 dc 02 02 80 1c 00 03 80 08 00 04 00 6c 09 00 00 08 00 05 00 14 00 00 00 08 00 06 00 a0 01 08 00 1c 00 03 80 08 00 04 00 71 09 00 00 08 00 05 00 14 00 00 00 08 00 06 00 a0 01 08 00 1c 00 03 80 08 00 04 00 76 09 00 00 08 00 05 00 14 00 00 00 08 00 06 00 a0 01 08 00 1c 00 03 80 08 00 04 00 7b 09 00 00 08 00 05 00 14 00 00 00 08 00 06 00 a0 01 08 00 1c 00 03 80 08 00 04 00 80 09 00 00 08 00 05 00 14 00 00 00 08 00 06 00 80 01 08 00 1c 00 03 80 08 00 04 00 85 09 00 00 08 00 05 00 14 00 00 00 08 00 06 00 80 01 08 00 1c 00 03 80 08 00 04 00 8a 09 00 00 08 00 05 00 14 00 00 00 08 00 06 00 80 01 08 00 1c 00 03 80 08 00 04 00 8f 09 00 00 08 00 05 00 14 00 00 00 08 00 06 00 80 01 08 00 1c 00 03 80 08 00 04 00 94 09 00 00 08 00 05 00 14 00 00 00 08 00 06 00 80 01 08 00 1c 00 03 80 08 00 04 00 99 09 00 00 08 00 05 00 14 00 00 00 08 00 06 00 90 01 08 00 1c 00 03 80 08 00 04 00 9e 09 00 00 08 00 05 00 14 00 00 00 08 00 06 00 90 01 08 00 1c 00 03 80 08 00 04 00 a3 09 00 00 08 00 05 00 14 00 00 00 08 00 06 00 90 01 08 00 1c 00 03 80 08 00 04 00 a8 09 00 00 08 00 05 00 14 00 00 00 08 00 06 00 90 01 08 00 1c 00 03 80 08 00 04 00 3c 14 00 00 08 00 05 00 17 00 00 00 08 00 06 00 20 00 08 00 1c 00 03 80 08 00 04 00 50 14 00 00 08 00 05 00 17 00 00 00 08 00 06 00 00 00 08 00 1c 00 03 80 08 00 04 00 64 14 00 00 08 00 05 00 17 00 00 00 08 00 06 00 00 00 08 00 1c 00 03 80 08 00 04 00 78 14 00 00 08 00 05 00 17 00 00 00 08 00 06 00 00 00 08 00 1c 00 03 80 08 00 04 00 8c 14 00 00 08 00 05 00 17 00 00 00 08 00 06 00 08 00 08 00 1c 00 03 80 08 00 04 00 a0 14 00 00 08 00 05 00 17 00 00 00 08 00 06 00 08 00 08 00 1c 00 03 80 08 00 04 00 b4 14 00 00 08 00 05 00 17 00 00 00 08 00 06 00 08 00 08 00 1c 00 03 80 08 00 04 00 c8 14 00 00 08 00 05 00 17 00 00 00 08 00 06 00 18 00 08 00 1c 00 03 80 08 00 04 00 71 16 00 00 08 00 05 00 21 00 00 00 08 00 06 00 20 01 08 00 1c 00 03 80 08 00 04 00 85 16 00 00 08 00 05 00 21 00 00 00 08 00 06 00 00 01 08 00 1c 00 03 80 08 00 04 00 99 16 00 00 08 00 05 00 21 00 00 00 08 00 06 00 00 01 08 00 1c 00 03 80 08 00 04 00 ad 16 00 00 08 00 05 00 21 00 00 00 08 00 06 00 00 01 08 00 1c 00 03 80 08 00 04 00 c1 16 00 00 08 00 05 00 21 00 00 00 08 00 06 00 10 01 08 00
[2025-07-02 08:52:06] Event message available
[2025-07-02 08:52:06] netlink no sequence check received
[2025-07-02 08:52:06] nl80211 response handler invoked
[2025-07-02 08:52:06] Netlink msg: cmd=103, len=1180
[2025-07-02 08:52:06] nl80211_response_handler: cmd 103, vendorID 4980, subcmd 65039  received
[2025-07-02 08:52:06] NL80211_ATTR_VENDOR_DATA (1132 bytes, first 1132 bytes): 07 00 01 00 46 52 00 00 64 04 02 80 1c 00 03 80 08 00 04 00 6c 09 00 00 08 00 05 00 14 00 00 00 08 00 06 00 a0 01 08 00 1c 00 03 80 08 00 04 00 71 09 00 00 08 00 05 00 14 00 00 00 08 00 06 00 a0 01 08 00 1c 00 03 80 08 00 04 00 76 09 00 00 08 00 05 00 14 00 00 00 08 00 06 00 a0 01 08 00 1c 00 03 80 08 00 04 00 7b 09 00 00 08 00 05 00 14 00 00 00 08 00 06 00 a0 01 08 00 1c 00 03 80 08 00 04 00 80 09 00 00 08 00 05 00 14 00 00 00 08 00 06 00 80 01 08 00 1c 00 03 80 08 00 04 00 85 09 00 00 08 00 05 00 14 00 00 00 08 00 06 00 80 01 08 00 1c 00 03 80 08 00 04 00 8a 09 00 00 08 00 05 00 14 00 00 00 08 00 06 00 80 01 08 00 1c 00 03 80 08 00 04 00 8f 09 00 00 08 00 05 00 14 00 00 00 08 00 06 00 80 01 08 00 1c 00 03 80 08 00 04 00 94 09 00 00 08 00 05 00 14 00 00 00 08 00 06 00 80 01 08 00 1c 00 03 80 08 00 04 00 99 09 00 00 08 00 05 00 14 00 00 00 08 00 06 00 90 01 08 00 1c 00 03 80 08 00 04 00 9e 09 00 00 08 00 05 00 14 00 00 00 08 00 06 00 90 01 08 00 1c 00 03 80 08 00 04 00 a3 09 00 00 08 00 05 00 14 00 00 00 08 00 06 00 90 01 08 00 1c 00 03 80 08 00 04 00 a8 09 00 00 08 00 05 00 14 00 00 00 08 00 06 00 90 01 08 00 1c 00 03 80 08 00 04 00 3c 14 00 00 08 00 05 00 17 00 00 00 08 00 06 00 22 02 08 00 1c 00 03 80 08 00 04 00 50 14 00 00 08 00 05 00 17 00 00 00 08 00 06 00 02 02 08 00 1c 00 03 80 08 00 04 00 64 14 00 00 08 00 05 00 17 00 00 00 08 00 06 00 02 02 08 00 1c 00 03 80 08 00 04 00 78 14 00 00 08 00 05 00 17 00 00 00 08 00 06 00 02 02 08 00 1c 00 03 80 08 00 04 00 8c 14 00 00 08 00 05 00 17 00 00 00 08 00 06 00 0a 02 08 00 1c 00 03 80 08 00 04 00 a0 14 00 00 08 00 05 00 17 00 00 00 08 00 06 00 0a 02 08 00 1c 00 03 80 08 00 04 00 b4 14 00 00 08 00 05 00 17 00 00 00 08 00 06 00 0a 02 08 00 1c 00 03 80 08 00 04 00 c8 14 00 00 08 00 05 00 17 00 00 00 08 00 06 00 1a 02 08 00 1c 00 03 80 08 00 04 00 7c 15 00 00 08 00 05 00 1e 00 00 00 08 00 06 00 28 00 08 00 1c 00 03 80 08 00 04 00 90 15 00 00 08 00 05 00 1e 00 00 00 08 00 06 00 08 00 08 00 1c 00 03 80 08 00 04 00 a4 15 00 00 08 00 05 00 1e 00 00 00 08 00 06 00 08 00 08 00 1c 00 03 80 08 00 04 00 b8 15 00 00 08 00 05 00 1e 00 00 00 08 00 06 00 08 00 08 00 1c 00 03 80 08 00 04 00 cc 15 00 00 08 00 05 00 1e 00 00 00 08 00 06 00 08 00 08 00 1c 00 03 80 08 00 04 00 e0 15 00 00 08 00 05 00 1e 00 00 00 08 00 06 00 08 00 08 00 1c 00 03 80 08 00 04 00 f4 15 00 00 08 00 05 00 1e 00 00 00 08 00 06 00 08 00 08 00 1c 00 03 80 08 00 04 00 08 16 00 00 08 00 05 00 1e 00 00 00 08 00 06 00 08 00 08 00 1c 00 03 80 08 00 04 00 1c 16 00 00 08 00 05 00 1e 00 00 00 08 00 06 00 08 00 08 00 1c 00 03 80 08 00 04 00 30 16 00 00 08 00 05 00 1e 00 00 00 08 00 06 00 08 00 08 00 1c 00 03 80 08 00 04 00 44 16 00 00 08 00 05 00 1e 00 00 00 08 00 06 00 08 00 08 00 1c 00 03 80 08 00 04 00 58 16 00 00 08 00 05 00 1e 00 00 00 08 00 06 00 18 00 08 00 1c 00 03 80 08 00 04 00 71 16 00 00 08 00 05 00 0e 00 00 00 08 00 06 00 20 01 08 00 1c 00 03 80 08 00 04 00 85 16 00 00 08 00 05 00 0e 00 00 00 08 00 06 00 00 01 08 00 1c 00 03 80 08 00 04 00 99 16 00 00 08 00 05 00 0e 00 00 00 08 00 06 00 00 01 08 00 1c 00 03 80 08 00 04 00 ad 16 00 00 08 00 05 00 0e 00 00 00 08 00 06 00 00 01 08 00 1c 00 03 80 08 00 04 00 c1 16 00 00 08 00 05 00 0e 00 00 00 08 00 06 00 00 01 08 00 1c 00 03 80 08 00 04 00 d5 16 00 00 08 00 05 00 0e 00 00 00 08 00 06 00 00 01 08 00 1c 00 03 80 08 00 04 00 e9 16 00 00 08 00 05 00 0e 00 00 00 08 00 06 00 10 01 08 00
[2025-07-02 09:38:24] Event message available
[2025-07-02 09:38:24] netlink no sequence check received
[2025-07-02 09:38:24] nl80211 response handler invoked
[2025-07-02 09:38:24] Netlink msg: cmd=103, len=1180
[2025-07-02 09:38:24] nl80211_response_handler: cmd 103, vendorID 4980, subcmd 65039  received
[2025-07-02 09:38:24] NL80211_ATTR_VENDOR_DATA (1132 bytes, first 1132 bytes): 07 00 01 00 4a 50 00 00 64 04 02 80 1c 00 03 80 08 00 04 00 6c 09 00 00 08 00 05 00 14 00 00 00 08 00 06 00 a0 01 08 00 1c 00 03 80 08 00 04 00 71 09 00 00 08 00 05 00 14 00 00 00 08 00 06 00 a0 01 08 00 1c 00 03 80 08 00 04 00 76 09 00 00 08 00 05 00 14 00 00 00 08 00 06 00 a0 01 08 00 1c 00 03 80 08 00 04 00 7b 09 00 00 08 00 05 00 14 00 00 00 08 00 06 00 a0 01 08 00 1c 00 03 80 08 00 04 00 80 09 00 00 08 00 05 00 14 00 00 00 08 00 06 00 80 01 08 00 1c 00 03 80 08 00 04 00 85 09 00 00 08 00 05 00 14 00 00 00 08 00 06 00 80 01 08 00 1c 00 03 80 08 00 04 00 8a 09 00 00 08 00 05 00 14 00 00 00 08 00 06 00 80 01 08 00 1c 00 03 80 08 00 04 00 8f 09 00 00 08 00 05 00 14 00 00 00 08 00 06 00 80 01 08 00 1c 00 03 80 08 00 04 00 94 09 00 00 08 00 05 00 14 00 00 00 08 00 06 00 80 01 08 00 1c 00 03 80 08 00 04 00 99 09 00 00 08 00 05 00 14 00 00 00 08 00 06 00 90 01 08 00 1c 00 03 80 08 00 04 00 9e 09 00 00 08 00 05 00 14 00 00 00 08 00 06 00 90 01 08 00 1c 00 03 80 08 00 04 00 a3 09 00 00 08 00 05 00 14 00 00 00 08 00 06 00 90 01 08 00 1c 00 03 80 08 00 04 00 a8 09 00 00 08 00 05 00 14 00 00 00 08 00 06 00 90 01 08 00 1c 00 03 80 08 00 04 00 3c 14 00 00 08 00 05 00 17 00 00 00 08 00 06 00 22 02 08 00 1c 00 03 80 08 00 04 00 50 14 00 00 08 00 05 00 17 00 00 00 08 00 06 00 02 02 08 00 1c 00 03 80 08 00 04 00 64 14 00 00 08 00 05 00 17 00 00 00 08 00 06 00 02 02 08 00 1c 00 03 80 08 00 04 00 78 14 00 00 08 00 05 00 17 00 00 00 08 00 06 00 02 02 08 00 1c 00 03 80 08 00 04 00 8c 14 00 00 08 00 05 00 17 00 00 00 08 00 06 00 0a 02 08 00 1c 00 03 80 08 00 04 00 a0 14 00 00 08 00 05 00 17 00 00 00 08 00 06 00 0a 02 08 00 1c 00 03 80 08 00 04 00 b4 14 00 00 08 00 05 00 17 00 00 00 08 00 06 00 0a 02 08 00 1c 00 03 80 08 00 04 00 c8 14 00 00 08 00 05 00 17 00 00 00 08 00 06 00 1a 02 08 00 1c 00 03 80 08 00 04 00 7c 15 00 00 08 00 05 00 1e 00 00 00 08 00 06 00 28 00 08 00 1c 00 03 80 08 00 04 00 90 15 00 00 08 00 05 00 1e 00 00 00 08 00 06 00 08 00 08 00 1c 00 03 80 08 00 04 00 a4 15 00 00 08 00 05 00 1e 00 00 00 08 00 06 00 08 00 08 00 1c 00 03 80 08 00 04 00 b8 15 00 00 08 00 05 00 1e 00 00 00 08 00 06 00 08 00 08 00 1c 00 03 80 08 00 04 00 cc 15 00 00 08 00 05 00 1e 00 00 00 08 00 06 00 08 00 08 00 1c 00 03 80 08 00 04 00 e0 15 00 00 08 00 05 00 1e 00 00 00 08 00 06 00 08 00 08 00 1c 00 03 80 08 00 04 00 f4 15 00 00 08 00 05 00 1e 00 00 00 08 00 06 00 08 00 08 00 1c 00 03 80 08 00 04 00 08 16 00 00 08 00 05 00 1e 00 00 00 08 00 06 00 08 00 08 00 1c 00 03 80 08 00 04 00 1c 16 00 00 08 00 05 00 1e 00 00 00 08 00 06 00 08 00 08 00 1c 00 03 80 08 00 04 00 30 16 00 00 08 00 05 00 1e 00 00 00 08 00 06 00 08 00 08 00 1c 00 03 80 08 00 04 00 44 16 00 00 08 00 05 00 1e 00 00 00 08 00 06 00 08 00 08 00 1c 00 03 80 08 00 04 00 58 16 00 00 08 00 05 00 1e 00 00 00 08 00 06 00 18 00 08 00 1c 00 03 80 08 00 04 00 71 16 00 00 08 00 05 00 0e 00 00 00 08 00 06 00 20 01 08 00 1c 00 03 80 08 00 04 00 85 16 00 00 08 00 05 00 0e 00 00 00 08 00 06 00 00 01 08 00 1c 00 03 80 08 00 04 00 99 16 00 00 08 00 05 00 0e 00 00 00 08 00 06 00 00 01 08 00 1c 00 03 80 08 00 04 00 ad 16 00 00 08 00 05 00 0e 00 00 00 08 00 06 00 00 01 08 00 1c 00 03 80 08 00 04 00 c1 16 00 00 08 00 05 00 0e 00 00 00 08 00 06 00 00 01 08 00 1c 00 03 80 08 00 04 00 d5 16 00 00 08 00 05 00 0e 00 00 00 08 00 06 00 00 01 08 00 1c 00 03 80 08 00 04 00 e9 16 00 00 08 00 05 00 0e 00 00 00 08 00 06 00 10 01 08 00
[2025-07-02 09:55:24] Event message available
[2025-07-02 09:55:24] netlink no sequence check received
[2025-07-02 09:55:24] nl80211 response handler invoked
[2025-07-02 09:55:24] Netlink msg: cmd=103, len=984
[2025-07-02 09:55:24] nl80211_response_handler: cmd 103, vendorID 4980, subcmd 65039  received
[2025-07-02 09:55:24] NL80211_ATTR_VENDOR_DATA (936 bytes, first 936 bytes): 07 00 01 00 42 59 00 00 a0 03 02 80 1c 00 03 80 08 00 04 00 6c 09 00 00 08 00 05 00 17 00 00 00 08 00 06 00 a0 01 08 00 1c 00 03 80 08 00 04 00 71 09 00 00 08 00 05 00 17 00 00 00 08 00 06 00 a0 01 08 00 1c 00 03 80 08 00 04 00 76 09 00 00 08 00 05 00 17 00 00 00 08 00 06 00 a0 01 08 00 1c 00 03 80 08 00 04 00 7b 09 00 00 08 00 05 00 17 00 00 00 08 00 06 00 a0 01 08 00 1c 00 03 80 08 00 04 00 80 09 00 00 08 00 05 00 17 00 00 00 08 00 06 00 80 01 08 00 1c 00 03 80 08 00 04 00 85 09 00 00 08 00 05 00 17 00 00 00 08 00 06 00 80 01 08 00 1c 00 03 80 08 00 04 00 8a 09 00 00 08 00 05 00 17 00 00 00 08 00 06 00 80 01 08 00 1c 00 03 80 08 00 04 00 8f 09 00 00 08 00 05 00 17 00 00 00 08 00 06 00 80 01 08 00 1c 00 03 80 08 00 04 00 94 09 00 00 08 00 05 00 17 00 00 00 08 00 06 00 80 01 08 00 1c 00 03 80 08 00 04 00 99 09 00 00 08 00 05 00 17 00 00 00 08 00 06 00 90 01 08 00 1c 00 03 80 08 00 04 00 9e 09 00 00 08 00 05 00 17 00 00 00 08 00 06 00 90 01 08 00 1c 00 03 80 08 00 04 00 a3 09 00 00 08 00 05 00 17 00 00 00 08 00 06 00 90 01 08 00 1c 00 03 80 08 00 04 00 a8 09 00 00 08 00 05 00 17 00 00 00 08 00 06 00 90 01 08 00 1c 00 03 80 08 00 04 00 3c 14 00 00 08 00 05 00 17 00 00 00 08 00 06 00 22 02 08 00 1c 00 03 80 08 00 04 00 50 14 00 00 08 00 05 00 17 00 00 00 08 00 06 00 02 02 08 00 1c 00 03 80 08 00 04 00 64 14 00 00 08 00 05 00 17 00 00 00 08 00 06 00 02 02 08 00 1c 00 03 80 08 00 04 00 78 14 00 00 08 00 05 00 17 00 00 00 08 00 06 00 02 02 08 00 1c 00 03 80 08 00 04 00 8c 14 00 00 08 00 05 00 17 00 00 00 08 00 06 00 0a 02 08 00 1c 00 03 80 08 00 04 00 a0 14 00 00 08 00 05 00 17 00 00 00 08 00 06 00 0a 02 08 00 1c 00 03 80 08 00 04 00 b4 14 00 00 08 00 05 00 17 00 00 00 08 00 06 00 0a 02 08 00 1c 00 03 80 08 00 04 00 c8 14 00 00 08 00 05 00 17 00 00 00 08 00 06 00 1a 02 08 00 1c 00 03 80 08 00 04 00 7c 15 00 00 08 00 05 00 17 00 00 00 08 00 06 00 28 00 08 00 1c 00 03 80 08 00 04 00 90 15 00 00 08 00 05 00 17 00 00 00 08 00 06 00 08 00 08 00 1c 00 03 80 08 00 04 00 a4 15 00 00 08 00 05 00 17 00 00 00 08 00 06 00 08 00 08 00 1c 00 03 80 08 00 04 00 b8 15 00 00 08 00 05 00 17 00 00 00 08 00 06 00 08 00 08 00 1c 00 03 80 08 00 04 00 cc 15 00 00 08 00 05 00 17 00 00 00 08 00 06 00 08 00 08 00 1c 00 03 80 08 00 04 00 e0 15 00 00 08 00 05 00 17 00 00 00 08 00 06 00 08 00 08 00 1c 00 03 80 08 00 04 00 f4 15 00 00 08 00 05 00 17 00 00 00 08 00 06 00 08 00 08 00 1c 00 03 80 08 00 04 00 08 16 00 00 08 00 05 00 17 00 00 00 08 00 06 00 08 00 08 00 1c 00 03 80 08 00 04 00 1c 16 00 00 08 00 05 00 17 00 00 00 08 00 06 00 08 00 08 00 1c 00 03 80 08 00 04 00 30 16 00 00 08 00 05 00 17 00 00 00 08 00 06 00 08 00 08 00 1c 00 03 80 08 00 04 00 44 16 00 00 08 00 05 00 17 00 00 00 08 00 06 00 08 00 08 00 1c 00 03 80 08 00 04 00 58 16 00 00 08 00 05 00 17 00 00 00 08 00 06 00 18 00 08 00
[2025-07-02 09:59:27] Event message available
[2025-07-02 09:59:27] netlink no sequence check received
[2025-07-02 09:59:27] nl80211 response handler invoked
[2025-07-02 09:59:27] Netlink msg: cmd=103, len=956
[2025-07-02 09:59:27] nl80211_response_handler: cmd 103, vendorID 4980, subcmd 65039  received
[2025-07-02 09:59:27] NL80211_ATTR_VENDOR_DATA (908 bytes, first 908 bytes): 07 00 01 00 52 55 00 00 84 03 02 80 1c 00 03 80 08 00 04 00 6c 09 00 00 08 00 05 00 14 00 00 00 08 00 06 00 a0 01 08 00 1c 00 03 80 08 00 04 00 71 09 00 00 08 00 05 00 14 00 00 00 08 00 06 00 a0 01 08 00 1c 00 03 80 08 00 04 00 76 09 00 00 08 00 05 00 14 00 00 00 08 00 06 00 a0 01 08 00 1c 00 03 80 08 00 04 00 7b 09 00 00 08 00 05 00 14 00 00 00 08 00 06 00 a0 01 08 00 1c 00 03 80 08 00 04 00 80 09 00 00 08 00 05 00 14 00 00 00 08 00 06 00 80 01 08 00 1c 00 03 80 08 00 04 00 85 09 00 00 08 00 05 00 14 00 00 00 08 00 06 00 80 01 08 00 1c 00 03 80 08 00 04 00 8a 09 00 00 08 00 05 00 14 00 00 00 08 00 06 00 80 01 08 00 1c 00 03 80 08 00 04 00 8f 09 00 00 08 00 05 00 14 00 00 00 08 00 06 00 80 01 08 00 1c 00 03 80 08 00 04 00 94 09 00 00 08 00 05 00 14 00 00 00 08 00 06 00 80 01 08 00 1c 00 03 80 08 00 04 00 99 09 00 00 08 00 05 00 14 00 00 00 08 00 06 00 90 01 08 00 1c 00 03 80 08 00 04 00 9e 09 00 00 08 00 05 00 14 00 00 00 08 00 06 00 90 01 08 00 1c 00 03 80 08 00 04 00 a3 09 00 00 08 00 05 00 14 00 00 00 08 00 06 00 90 01 08 00 1c 00 03 80 08 00 04 00 a8 09 00 00 08 00 05 00 14 00 00 00 08 00 06 00 90 01 08 00 1c 00 03 80 08 00 04 00 3c 14 00 00 08 00 05 00 17 00 00 00 08 00 06 00 22 02 08 00 1c 00 03 80 08 00 04 00 50 14 00 00 08 00 05 00 17 00 00 00 08 00 06 00 02 02 08 00 1c 00 03 80 08 00 04 00 64 14 00 00 08 00 05 00 17 00 00 00 08 00 06 00 02 02 08 00 1c 00 03 80 08 00 04 00 78 14 00 00 08 00 05 00 17 00 00 00 08 00 06 00 02 02 08 00 1c 00 03 80 08 00 04 00 8c 14 00 00 08 00 05 00 17 00 00 00 08 00 06 00 0a 02 08 00 1c 00 03 80 08 00 04 00 a0 14 00 00 08 00 05 00 17 00 00 00 08 00 06 00 0a 02 08 00 1c 00 03 80 08 00 04 00 b4 14 00 00 08 00 05 00 17 00 00 00 08 00 06 00 0a 02 08 00 1c 00 03 80 08 00 04 00 c8 14 00 00 08 00 05 00 17 00 00 00 08 00 06 00 1a 02 08 00 1c 00 03 80 08 00 04 00 7c 15 00 00 08 00 05 00 1e 00 00 00 08 00 06 00 28 00 08 00 1c 00 03 80 08 00 04 00 90 15 00 00 08 00 05 00 1e 00 00 00 08 00 06 00 08 00 08 00 1c 00 03 80 08 00 04 00 a4 15 00 00 08 00 05 00 1e 00 00 00 08 00 06 00 08 00 08 00 1c 00 03 80 08 00 04 00 b8 15 00 00 08 00 05 00 1e 00 00 00 08 00 06 00 08 00 08 00 1c 00 03 80 08 00 04 00 cc 15 00 00 08 00 05 00 1e 00 00 00 08 00 06 00 08 00 08 00 1c 00 03 80 08 00 04 00 e0 15 00 00 08 00 05 00 1e 00 00 00 08 00 06 00 08 00 08 00 1c 00 03 80 08 00 04 00 f4 15 00 00 08 00 05 00 1e 00 00 00 08 00 06 00 08 00 08 00 1c 00 03 80 08 00 04 00 08 16 00 00 08 00 05 00 1e 00 00 00 08 00 06 00 08 00 08 00 1c 00 03 80 08 00 04 00 1c 16 00 00 08 00 05 00 1e 00 00 00 08 00 06 00 08 00 08 00 1c 00 03 80 08 00 04 00 30 16 00 00 08 00 05 00 1e 00 00 00 08 00 06 00 08 00 08 00 1c 00 03 80 08 00 04 00 44 16 00 00 08 00 05 00 1e 00 00 00 08 00 06 00 18 00 08 00
[1970-01-01 00:00:50] netlink ack handler invoked
[1970-01-01 00:00:50] cnss_nl80211_init: wifi nl socket successfully initialized
[1970-01-01 00:00:53] Event message available
[1970-01-01 00:00:53] netlink no sequence check received
[1970-01-01 00:00:53] nl80211 response handler invoked
[1970-01-01 00:00:53] Netlink msg: cmd=103, len=60
[1970-01-01 00:00:53] nl80211_response_handler: cmd 103, vendorID 4980, subcmd 181  received
[1970-01-01 00:00:53] NL80211_ATTR_VENDOR_DATA (12 bytes, first 12 bytes): 0a 00 03 00 ff ff ff ff ff ff 00 00
[2025-07-02 08:28:42] Event message available
[2025-07-02 08:28:42] netlink no sequence check received
[2025-07-02 08:28:42] nl80211 response handler invoked
[2025-07-02 08:28:42] Netlink msg: cmd=103, len=172
[2025-07-02 08:28:42] nl80211_response_handler: cmd 103, vendorID 4980, subcmd 12  received
[2025-07-02 08:28:42] NL80211_ATTR_VENDOR_DATA (104 bytes, first 104 bytes): 68 00 02 00 21 02 64 00 00 00 03 00 00 00 00 00 00 00 00 00 01 00 00 00 06 00 00 00 06 00 00 00 ff 00 00 00 ff 00 00 00 fe 01 00 00 ff 00 00 00 80 00 00 00 20 00 00 00 01 00 00 00 08 00 00 00 ff 00 00 00 06 00 00 00 07 00 00 00 01 00 00 00 00 01 00 00 1d 02 84 08 2a 00 00 00 00 00 00 00 00 00 00 00 00 00 00 00
[2025-07-02 08:28:42] Event message available
[2025-07-02 08:28:42] netlink no sequence check received
[2025-07-02 08:28:42] nl80211 response handler invoked
[2025-07-02 08:28:42] Netlink msg: cmd=103, len=124
[2025-07-02 08:28:42] nl80211_response_handler: cmd 103, vendorID 4980, subcmd 65026  received
[2025-07-02 08:28:42] NL80211_ATTR_VENDOR_DATA (56 bytes, first 56 bytes): 0a 00 01 00 77 6c 61 6e 32 00 00 00 08 00 02 00 03 00 00 00 05 00 03 00 03 00 00 00 08 00 04 00 00 00 00 00 0a 00 05 00 ae d9 29 c4 79 ef 00 00 08 00 06 00 00 00 00 00
[2025-07-02 08:28:42] Event message available
[2025-07-02 08:28:42] netlink no sequence check received
[2025-07-02 08:28:42] nl80211 response handler invoked
[2025-07-02 08:28:42] Netlink msg: cmd=103, len=1068
[2025-07-02 08:28:42] nl80211_response_handler: cmd 103, vendorID 4980, subcmd 65039  received
[2025-07-02 08:28:42] NL80211_ATTR_VENDOR_DATA (1020 bytes, first 1020 bytes): 07 00 01 00 55 53 00 00 f4 03 02 80 1c 00 03 80 08 00 04 00 6c 09 00 00 08 00 05 00 1e 00 00 00 08 00 06 00 a0 01 08 00 1c 00 03 80 08 00 04 00 71 09 00 00 08 00 05 00 1e 00 00 00 08 00 06 00 a0 01 08 00 1c 00 03 80 08 00 04 00 76 09 00 00 08 00 05 00 1e 00 00 00 08 00 06 00 a0 01 08 00 1c 00 03 80 08 00 04 00 7b 09 00 00 08 00 05 00 1e 00 00 00 08 00 06 00 a0 01 08 00 1c 00 03 80 08 00 04 00 80 09 00 00 08 00 05 00 1e 00 00 00 08 00 06 00 80 01 08 00 1c 00 03 80 08 00 04 00 85 09 00 00 08 00 05 00 1e 00 00 00 08 00 06 00 80 01 08 00 1c 00 03 80 08 00 04 00 8a 09 00 00 08 00 05 00 1e 00 00 00 08 00 06 00 80 01 08 00 1c 00 03 80 08 00 04 00 8f 09 00 00 08 00 05 00 1e 00 00 00 08 00 06 00 90 01 08 00 1c 00 03 80 08 00 04 00 94 09 00 00 08 00 05 00 1e 00 00 00 08 00 06 00 90 01 08 00 1c 00 03 80 08 00 04 00 99 09 00 00 08 00 05 00 1e 00 00 00 08 00 06 00 90 01 08 00 1c 00 03 80 08 00 04 00 9e 09 00 00 08 00 05 00 1e 00 00 00 08 00 06 00 90 01 08 00 1c 00 03 80 08 00 04 00 3c 14 00 00 08 00 05 00 18 00 00 00 08 00 06 00 20 00 08 00 1c 00 03 80 08 00 04 00 50 14 00 00 08 00 05 00 18 00 00 00 08 00 06 00 00 00 08 00 1c 00 03 80 08 00 04 00 64 14 00 00 08 00 05 00 18 00 00 00 08 00 06 00 00 00 08 00 1c 00 03 80 08 00 04 00 78 14 00 00 08 00 05 00 18 00 00 00 08 00 06 00 00 00 08 00 1c 00 03 80 08 00 04 00 8c 14 00 00 08 00 05 00 18 00 00 00 08 00 06 00 08 00 08 00 1c 00 03 80 08 00 04 00 a0 14 00 00 08 00 05 00 18 00 00 00 08 00 06 00 08 00 08 00 1c 00 03 80 08 00 04 00 b4 14 00 00 08 00 05 00 18 00 00 00 08 00 06 00 08 00 08 00 1c 00 03 80 08 00 04 00 c8 14 00 00 08 00 05 00 18 00 00 00 08 00 06 00 18 00 08 00 1c 00 03 80 08 00 04 00 7c 15 00 00 08 00 05 00 18 00 00 00 08 00 06 00 28 00 08 00 1c 00 03 80 08 00 04 00 90 15 00 00 08 00 05 00 18 00 00 00 08 00 06 00 08 00 08 00 1c 00 03 80 08 00 04 00 a4 15 00 00 08 00 05 00 18 00 00 00 08 00 06 00 08 00 08 00 1c 00 03 80 08 00 04 00 b8 15 00 00 08 00 05 00 18 00 00 00 08 00 06 00 08 00 08 00 1c 00 03 80 08 00 04 00 cc 15 00 00 08 00 05 00 18 00 00 00 08 00 06 00 08 00 08 00 1c 00 03 80 08 00 04 00 e0 15 00 00 08 00 05 00 18 00 00 00 08 00 06 00 08 00 08 00 1c 00 03 80 08 00 04 00 f4 15 00 00 08 00 05 00 18 00 00 00 08 00 06 00 08 00 08 00 1c 00 03 80 08 00 04 00 08 16 00 00 08 00 05 00 18 00 00 00 08 00 06 00 08 00 08 00 1c 00 03 80 08 00 04 00 1c 16 00 00 08 00 05 00 18 00 00 00 08 00 06 00 08 00 08 00 1c 00 03 80 08 00 04 00 30 16 00 00 08 00 05 00 18 00 00 00 08 00 06 00 08 00 08 00 1c 00 03 80 08 00 04 00 44 16 00 00 08 00 05 00 18 00 00 00 08 00 06 00 08 00 08 00 1c 00 03 80 08 00 04 00 58 16 00 00 08 00 05 00 18 00 00 00 08 00 06 00 18 00 08 00 1c 00 03 80 08 00 04 00 71 16 00 00 08 00 05 00 1e 00 00 00 08 00 06 00 20 00 08 00 1c 00 03 80 08 00 04 00 85 16 00 00 08 00 05 00 1e 00 00 00 08 00 06 00 00 00 08 00 1c 00 03 80 08 00 04 00 99 16 00 00 08 00 05 00 1e 00 00 00 08 00 06 00 00 00 08 00 1c 00 03 80 08 00 04 00 ad 16 00 00 08 00 05 00 1e 00 00 00 08 00 06 00 00 00 08 00 1c 00 03 80 08 00 04 00 c1 16 00 00 08 00 05 00 1e 00 00 00 08 00 06 00 10 00 08 00
[2025-07-02 08:28:43] Event message available
[2025-07-02 08:28:43] netlink no sequence check received
[2025-07-02 08:28:43] nl80211 response handler invoked
[2025-07-02 08:28:43] Netlink msg: cmd=103, len=148
[2025-07-02 08:28:43] nl80211_response_handler: cmd 103, vendorID 4980, subcmd 54  received
[2025-07-02 08:28:43] NL80211_ATTR_VENDOR_DATA (80 bytes, first 80 bytes): 08 00 0c 00 85 09 00 00 08 00 0d 00 99 09 00 00 08 00 0e 00 00 00 00 00 08 00 0f 00 00 00 00 00 05 00 01 00 06 00 00 00 05 00 02 00 0a 00 00 00 05 00 09 00 00 00 00 00 05 00 0a 00 00 00 00 00 06 00 07 00 28 00 00 00 05 00 03 00 01 00 00 00
[2025-07-02 08:28:43] Event message available
[2025-07-02 08:28:43] netlink no sequence check received
[2025-07-02 08:28:43] nl80211 response handler invoked
[2025-07-02 08:28:43] Netlink msg: cmd=103, len=80
[2025-07-02 08:28:43] nl80211_response_handler: cmd 103, vendorID 4980, subcmd 106  received
[2025-07-02 08:28:43] NL80211_ATTR_VENDOR_DATA (12 bytes, first 12 bytes): 0c 00 07 00 00 72 ff c4 88 ff ff ff
[2025-07-02 08:28:44] Event message available
[2025-07-02 08:28:44] netlink no sequence check received
[2025-07-02 08:28:44] nl80211 response handler invoked
[2025-07-02 08:28:44] Netlink msg: cmd=103, len=184
[2025-07-02 08:28:44] nl80211_response_handler: cmd 103, vendorID 4980, subcmd 107  received
[2025-07-02 08:28:44] NL80211_ATTR_VENDOR_DATA (116 bytes, first 116 bytes): 04 00 03 80 5c 00 02 80 08 00 00 00 6c 09 00 00 08 00 01 00 71 09 00 00 08 00 02 00 76 09 00 00 08 00 03 00 7b 09 00 00 08 00 04 00 80 09 00 00 08 00 05 00 85 09 00 00 08 00 06 00 8a 09 00 00 08 00 07 00 8f 09 00 00 08 00 08 00 94 09 00 00 08 00 09 00 99 09 00 00 08 00 0a 00 9e 09 00 00 0c 00 07 00 00 72 ff c4 88 ff ff ff 05 00 08 00 00 00 00 00
[2025-07-02 08:28:44] Event message available
[2025-07-02 08:28:44] netlink no sequence check received
[2025-07-02 08:28:44] nl80211 response handler invoked
[2025-07-02 08:28:44] Netlink msg: cmd=103, len=96
[2025-07-02 08:28:44] nl80211_response_handler: cmd 103, vendorID 4980, subcmd 165  received
[2025-07-02 08:28:44] NL80211_ATTR_VENDOR_DATA (48 bytes, first 48 bytes): 30 00 01 80 2c 00 01 80 08 00 01 00 01 00 00 00 08 00 02 00 01 00 00 00 18 00 03 80 14 00 00 80 08 00 01 00 15 00 00 00 08 00 02 00 85 09 00 00
[2025-07-02 08:28:44] Event message available
[2025-07-02 08:28:44] netlink no sequence check received
[2025-07-02 08:28:44] nl80211 response handler invoked
[2025-07-02 08:28:44] Netlink msg: cmd=103, len=116
[2025-07-02 08:28:44] nl80211_response_handler: cmd 103, vendorID 4980, subcmd 65025  received
[2025-07-02 08:28:44] NL80211_ATTR_VENDOR_DATA (68 bytes, first 68 bytes): 44 00 00 80 08 00 01 00 85 09 00 00 08 00 02 00 01 00 00 00 12 00 03 00 41 6e 64 72 6f 69 64 41 50 5f 36 33 34 34 00 00 08 00 04 00 03 00 00 00 08 00 05 00 00 00 00 00 0a 00 06 00 77 6c 61 6e 32 00 00 00
[2025-07-02 08:28:44] Event message available
[2025-07-02 08:28:44] netlink no sequence check received
[2025-07-02 08:28:44] nl80211 response handler invoked
[2025-07-02 08:28:44] Netlink msg: cmd=103, len=92
[2025-07-02 08:28:44] nl80211_response_handler: cmd 103, vendorID 4980, subcmd 65032  received
[2025-07-02 08:28:44] NL80211_ATTR_VENDOR_DATA (44 bytes, first 44 bytes): 0a 00 01 00 77 6c 61 6e 32 00 00 00 08 00 02 00 01 00 00 00 08 00 03 00 01 00 00 00 08 00 04 00 00 00 00 00 08 00 05 00 00 00 00 00
[2025-07-02 08:28:44] Event message available
[2025-07-02 08:28:44] netlink no sequence check received
[2025-07-02 08:28:44] nl80211 response handler invoked
[2025-07-02 08:28:44] Netlink msg: cmd=103, len=96
[2025-07-02 08:28:44] nl80211_response_handler: cmd 103, vendorID 4980, subcmd 65036  received
[2025-07-02 08:28:44] NL80211_ATTR_VENDOR_DATA (48 bytes, first 48 bytes): 0a 00 01 00 77 6c 61 6e 32 00 00 00 08 00 02 00 01 00 00 00 08 00 03 00 01 00 00 00 0a 00 04 00 ff ff ff ff ff ff 00 00 08 00 05 00 00 00 00 00
[2025-07-02 08:28:44] Event message available
[2025-07-02 08:28:44] netlink no sequence check received
[2025-07-02 08:28:44] nl80211 response handler invoked
[2025-07-02 08:28:44] Netlink msg: cmd=103, len=92
[2025-07-02 08:28:44] nl80211_response_handler: cmd 103, vendorID 4980, subcmd 101  received
[2025-07-02 08:28:44] NL80211_ATTR_VENDOR_DATA (24 bytes, first 24 bytes): 0c 00 05 00 02 00 00 00 01 00 00 00 0a 00 04 00 ff ff ff ff ff ff 00 00
[2025-07-02 08:28:44] Event message available
[2025-07-02 08:28:44] netlink no sequence check received
[2025-07-02 08:28:44] nl80211 response handler invoked
[2025-07-02 08:28:44] Netlink msg: cmd=103, len=92
[2025-07-02 08:28:44] nl80211_response_handler: cmd 103, vendorID 4980, subcmd 101  received
[2025-07-02 08:28:44] NL80211_ATTR_VENDOR_DATA (24 bytes, first 24 bytes): 0c 00 05 00 02 00 00 00 01 00 00 00 0a 00 04 00 ff ff ff ff ff ff 00 00
[2025-07-02 08:28:44] Event message available
[2025-07-02 08:28:44] netlink no sequence check received
[2025-07-02 08:28:44] nl80211 response handler invoked
[2025-07-02 08:28:44] Netlink msg: cmd=103, len=92
[2025-07-02 08:28:44] nl80211_response_handler: cmd 103, vendorID 4980, subcmd 101  received
[2025-07-02 08:28:44] NL80211_ATTR_VENDOR_DATA (24 bytes, first 24 bytes): 0c 00 05 00 02 00 00 00 01 00 00 00 0a 00 04 00 ff ff ff ff ff ff 00 00
[2025-07-02 08:28:51] Event message available
[2025-07-02 08:28:51] netlink no sequence check received
[2025-07-02 08:28:51] nl80211 response handler invoked
[2025-07-02 08:28:51] Netlink msg: cmd=103, len=68
[2025-07-02 08:28:51] nl80211_response_handler: cmd 103, vendorID 4980, subcmd 65028  received
[2025-07-02 08:28:51] NL80211_ATTR_VENDOR_DATA (20 bytes, first 20 bytes): 0a 00 01 00 77 6c 61 6e 32 00 00 00 08 00 02 00 00 00 00 00
[2025-07-02 08:28:51] Event message available
[2025-07-02 08:28:51] netlink no sequence check received
[2025-07-02 08:28:51] nl80211 response handler invoked
[2025-07-02 08:28:51] Netlink msg: cmd=103, len=80
[2025-07-02 08:28:51] nl80211_response_handler: cmd 103, vendorID 4980, subcmd 65040  received
[2025-07-02 08:28:51] NL80211_ATTR_VENDOR_DATA (32 bytes, first 32 bytes): 0a 00 01 00 77 6c 61 6e 32 00 00 00 0a 00 02 00 4e 6d e1 85 62 48 00 00 08 00 03 00 00 00 00 00
[2025-07-02 08:28:51] Event message available
[2025-07-02 08:28:51] netlink no sequence check received
[2025-07-02 08:28:51] nl80211 response handler invoked
[2025-07-02 08:28:51] Netlink msg: cmd=103, len=172
[2025-07-02 08:28:51] nl80211_response_handler: cmd 103, vendorID 4980, subcmd 12  received
[2025-07-02 08:28:51] NL80211_ATTR_VENDOR_DATA (104 bytes, first 104 bytes): 68 00 02 00 21 02 64 00 00 00 09 00 00 00 00 00 00 00 00 00 01 00 00 00 06 00 00 00 06 00 00 00 ff 00 00 00 ff 00 00 00 fe 01 00 00 ff 00 00 00 80 00 00 00 20 00 00 00 01 00 00 00 08 00 00 00 ff 00 00 00 06 00 00 00 07 00 00 00 01 00 00 00 00 01 00 00 1d 02 84 08 2a 00 00 00 00 00 00 00 00 00 00 00 00 00 00 00
[2025-07-02 08:28:51] Event message available
[2025-07-02 08:28:51] netlink no sequence check received
[2025-07-02 08:28:51] nl80211 response handler invoked
[2025-07-02 08:28:51] Netlink msg: cmd=103, len=124
[2025-07-02 08:28:51] nl80211_response_handler: cmd 103, vendorID 4980, subcmd 65026  received
[2025-07-02 08:28:51] NL80211_ATTR_VENDOR_DATA (56 bytes, first 56 bytes): 0a 00 01 00 77 6c 61 6e 32 00 00 00 08 00 02 00 03 00 00 00 05 00 03 00 03 00 00 00 08 00 04 00 00 00 00 00 0a 00 05 00 ae d9 29 c4 79 ef 00 00 08 00 06 00 00 00 00 00
[2025-07-02 08:28:51] Event message available
[2025-07-02 08:28:51] netlink no sequence check received
[2025-07-02 08:28:51] nl80211 response handler invoked
[2025-07-02 08:28:51] Netlink msg: cmd=103, len=124
[2025-07-02 08:28:51] nl80211_response_handler: cmd 103, vendorID 4980, subcmd 65026  received
[2025-07-02 08:28:51] NL80211_ATTR_VENDOR_DATA (56 bytes, first 56 bytes): 0a 00 01 00 77 6c 61 6e 33 00 00 00 08 00 02 00 03 00 00 00 05 00 03 00 03 00 00 00 08 00 04 00 00 00 00 00 0a 00 05 00 ae d9 29 c5 79 ef 00 00 08 00 06 00 00 00 00 00
[2025-07-02 08:28:52] Event message available
[2025-07-02 08:28:52] netlink no sequence check received
[2025-07-02 08:28:52] nl80211 response handler invoked
[2025-07-02 08:28:52] Netlink msg: cmd=103, len=148
[2025-07-02 08:28:52] nl80211_response_handler: cmd 103, vendorID 4980, subcmd 54  received
[2025-07-02 08:28:52] NL80211_ATTR_VENDOR_DATA (80 bytes, first 80 bytes): 08 00 0c 00 85 09 00 00 08 00 0d 00 99 09 00 00 08 00 0e 00 00 00 00 00 08 00 0f 00 00 00 00 00 05 00 01 00 06 00 00 00 05 00 02 00 0a 00 00 00 05 00 09 00 00 00 00 00 05 00 0a 00 00 00 00 00 06 00 07 00 28 00 00 00 05 00 03 00 01 00 00 00
[2025-07-02 08:28:52] Event message available
[2025-07-02 08:28:52] netlink no sequence check received
[2025-07-02 08:28:52] nl80211 response handler invoked
[2025-07-02 08:28:52] Netlink msg: cmd=103, len=80
[2025-07-02 08:28:52] nl80211_response_handler: cmd 103, vendorID 4980, subcmd 106  received
[2025-07-02 08:28:52] NL80211_ATTR_VENDOR_DATA (12 bytes, first 12 bytes): 0c 00 07 00 00 dc bf 20 89 ff ff ff
[2025-07-02 08:28:52] Event message available
[2025-07-02 08:28:52] netlink no sequence check received
[2025-07-02 08:28:52] nl80211 response handler invoked
[2025-07-02 08:28:52] Netlink msg: cmd=103, len=148
[2025-07-02 08:28:52] nl80211_response_handler: cmd 103, vendorID 4980, subcmd 54  received
[2025-07-02 08:28:52] NL80211_ATTR_VENDOR_DATA (80 bytes, first 80 bytes): 08 00 0c 00 78 14 00 00 08 00 0d 00 64 14 00 00 08 00 0e 00 5a 14 00 00 08 00 0f 00 00 00 00 00 05 00 01 00 30 00 00 00 05 00 02 00 2c 00 00 00 05 00 09 00 2a 00 00 00 05 00 0a 00 00 00 00 00 06 00 07 00 50 00 00 00 05 00 03 00 02 00 00 00
[2025-07-02 08:28:52] Event message available
[2025-07-02 08:28:52] netlink no sequence check received
[2025-07-02 08:28:52] nl80211 response handler invoked
[2025-07-02 08:28:52] Netlink msg: cmd=103, len=80
[2025-07-02 08:28:52] nl80211_response_handler: cmd 103, vendorID 4980, subcmd 106  received
[2025-07-02 08:28:52] NL80211_ATTR_VENDOR_DATA (12 bytes, first 12 bytes): 0c 00 07 00 c0 5c c0 20 89 ff ff ff
[2025-07-02 08:28:53] Event message available
[2025-07-02 08:28:53] netlink no sequence check received
[2025-07-02 08:28:53] nl80211 response handler invoked
[2025-07-02 08:28:53] Netlink msg: cmd=103, len=184
[2025-07-02 08:28:53] nl80211_response_handler: cmd 103, vendorID 4980, subcmd 107  received
[2025-07-02 08:28:53] NL80211_ATTR_VENDOR_DATA (116 bytes, first 116 bytes): 04 00 03 80 5c 00 02 80 08 00 00 00 6c 09 00 00 08 00 01 00 71 09 00 00 08 00 02 00 76 09 00 00 08 00 03 00 7b 09 00 00 08 00 04 00 80 09 00 00 08 00 05 00 85 09 00 00 08 00 06 00 8a 09 00 00 08 00 07 00 8f 09 00 00 08 00 08 00 94 09 00 00 08 00 09 00 99 09 00 00 08 00 0a 00 9e 09 00 00 0c 00 07 00 00 dc bf 20 89 ff ff ff 05 00 08 00 00 00 00 00
[2025-07-02 08:28:53] Event message available
[2025-07-02 08:28:53] netlink no sequence check received
[2025-07-02 08:28:53] nl80211 response handler invoked
[2025-07-02 08:28:53] Netlink msg: cmd=103, len=96
[2025-07-02 08:28:53] nl80211_response_handler: cmd 103, vendorID 4980, subcmd 165  received
[2025-07-02 08:28:53] NL80211_ATTR_VENDOR_DATA (48 bytes, first 48 bytes): 30 00 01 80 2c 00 01 80 08 00 01 00 01 00 00 00 08 00 02 00 01 00 00 00 18 00 03 80 14 00 00 80 08 00 01 00 16 00 00 00 08 00 02 00 85 09 00 00
[2025-07-02 08:28:53] Event message available
[2025-07-02 08:28:53] netlink no sequence check received
[2025-07-02 08:28:53] nl80211 response handler invoked
[2025-07-02 08:28:53] Netlink msg: cmd=103, len=116
[2025-07-02 08:28:53] nl80211_response_handler: cmd 103, vendorID 4980, subcmd 65025  received
[2025-07-02 08:28:53] NL80211_ATTR_VENDOR_DATA (68 bytes, first 68 bytes): 44 00 00 80 08 00 01 00 85 09 00 00 08 00 02 00 01 00 00 00 12 00 03 00 41 6e 64 72 6f 69 64 41 50 5f 36 33 34 34 00 00 08 00 04 00 03 00 00 00 08 00 05 00 00 00 00 00 0a 00 06 00 77 6c 61 6e 32 00 00 00
[2025-07-02 08:28:53] Event message available
[2025-07-02 08:28:53] netlink no sequence check received
[2025-07-02 08:28:53] nl80211 response handler invoked
[2025-07-02 08:28:53] Netlink msg: cmd=103, len=92
[2025-07-02 08:28:53] nl80211_response_handler: cmd 103, vendorID 4980, subcmd 65032  received
[2025-07-02 08:28:53] NL80211_ATTR_VENDOR_DATA (44 bytes, first 44 bytes): 0a 00 01 00 77 6c 61 6e 32 00 00 00 08 00 02 00 01 00 00 00 08 00 03 00 01 00 00 00 08 00 04 00 00 00 00 00 08 00 05 00 00 00 00 00
[2025-07-02 08:28:53] Event message available
[2025-07-02 08:28:53] netlink no sequence check received
[2025-07-02 08:28:53] nl80211 response handler invoked
[2025-07-02 08:28:53] Netlink msg: cmd=103, len=96
[2025-07-02 08:28:53] nl80211_response_handler: cmd 103, vendorID 4980, subcmd 65036  received
[2025-07-02 08:28:53] NL80211_ATTR_VENDOR_DATA (48 bytes, first 48 bytes): 0a 00 01 00 77 6c 61 6e 32 00 00 00 08 00 02 00 01 00 00 00 08 00 03 00 01 00 00 00 0a 00 04 00 ff ff ff ff ff ff 00 00 08 00 05 00 00 00 00 00
[2025-07-02 08:28:53] Event message available
[2025-07-02 08:28:53] netlink no sequence check received
[2025-07-02 08:28:53] nl80211 response handler invoked
[2025-07-02 08:28:53] Netlink msg: cmd=103, len=92
[2025-07-02 08:28:53] nl80211_response_handler: cmd 103, vendorID 4980, subcmd 101  received
[2025-07-02 08:28:53] NL80211_ATTR_VENDOR_DATA (24 bytes, first 24 bytes): 0c 00 05 00 02 00 00 00 01 00 00 00 0a 00 04 00 ff ff ff ff ff ff 00 00
[2025-07-02 08:28:53] Event message available
[2025-07-02 08:28:53] netlink no sequence check received
[2025-07-02 08:28:53] nl80211 response handler invoked
[2025-07-02 08:28:53] Netlink msg: cmd=103, len=92
[2025-07-02 08:28:53] nl80211_response_handler: cmd 103, vendorID 4980, subcmd 101  received
[2025-07-02 08:28:53] NL80211_ATTR_VENDOR_DATA (24 bytes, first 24 bytes): 0c 00 05 00 02 00 00 00 01 00 00 00 0a 00 04 00 ff ff ff ff ff ff 00 00
[2025-07-02 08:28:53] Event message available
[2025-07-02 08:28:53] netlink no sequence check received
[2025-07-02 08:28:53] nl80211 response handler invoked
[2025-07-02 08:28:53] Netlink msg: cmd=103, len=92
[2025-07-02 08:28:53] nl80211_response_handler: cmd 103, vendorID 4980, subcmd 101  received
[2025-07-02 08:28:53] NL80211_ATTR_VENDOR_DATA (24 bytes, first 24 bytes): 0c 00 05 00 02 00 00 00 01 00 00 00 0a 00 04 00 ff ff ff ff ff ff 00 00
[2025-07-02 08:28:53] Event message available
[2025-07-02 08:28:53] netlink no sequence check received
[2025-07-02 08:28:53] nl80211 response handler invoked
[2025-07-02 08:28:53] Netlink msg: cmd=103, len=68
[2025-07-02 08:28:53] nl80211_response_handler: cmd 103, vendorID 4980, subcmd 65031  received
[2025-07-02 08:28:53] NL80211_ATTR_VENDOR_DATA (20 bytes, first 20 bytes): 0a 00 01 00 77 6c 61 6e 32 00 00 00 08 00 02 00 00 00 00 00
[2025-07-02 08:28:53] Event message available
[2025-07-02 08:28:53] netlink no sequence check received
[2025-07-02 08:28:53] nl80211 response handler invoked
[2025-07-02 08:28:53] Netlink msg: cmd=103, len=92
[2025-07-02 08:28:53] nl80211_response_handler: cmd 103, vendorID 4980, subcmd 65032  received
[2025-07-02 08:28:53] NL80211_ATTR_VENDOR_DATA (44 bytes, first 44 bytes): 0a 00 01 00 77 6c 61 6e 32 00 00 00 08 00 02 00 01 00 00 00 08 00 03 00 01 00 00 00 08 00 04 00 00 00 00 00 08 00 05 00 00 00 00 00
[2025-07-02 08:28:54] Event message available
[2025-07-02 08:28:54] netlink no sequence check received
[2025-07-02 08:28:54] nl80211 response handler invoked
[2025-07-02 08:28:54] Netlink msg: cmd=103, len=112
[2025-07-02 08:28:54] nl80211_response_handler: cmd 103, vendorID 4980, subcmd 107  received
[2025-07-02 08:28:54] NL80211_ATTR_VENDOR_DATA (44 bytes, first 44 bytes): 04 00 03 80 14 00 02 80 08 00 00 00 64 14 00 00 08 00 01 00 78 14 00 00 0c 00 07 00 c0 5c c0 20 89 ff ff ff 05 00 08 00 00 00 00 00
[2025-07-02 08:28:54] Event message available
[2025-07-02 08:28:54] netlink no sequence check received
[2025-07-02 08:28:54] nl80211 response handler invoked
[2025-07-02 08:28:54] Netlink msg: cmd=103, len=140
[2025-07-02 08:28:54] nl80211_response_handler: cmd 103, vendorID 4980, subcmd 165  received
[2025-07-02 08:28:54] NL80211_ATTR_VENDOR_DATA (92 bytes, first 92 bytes): 5c 00 01 80 2c 00 00 80 08 00 01 00 00 00 00 00 08 00 02 00 02 00 00 00 18 00 03 80 14 00 00 80 08 00 01 00 17 00 00 00 08 00 02 00 64 14 00 00 2c 00 01 80 08 00 01 00 01 00 00 00 08 00 02 00 01 00 00 00 18 00 03 80 14 00 00 80 08 00 01 00 16 00 00 00 08 00 02 00 85 09 00 00
[2025-07-02 08:28:54] Event message available
[2025-07-02 08:28:54] netlink no sequence check received
[2025-07-02 08:28:54] nl80211 response handler invoked
[2025-07-02 08:28:54] Netlink msg: cmd=103, len=116
[2025-07-02 08:28:54] nl80211_response_handler: cmd 103, vendorID 4980, subcmd 65025  received
[2025-07-02 08:28:54] NL80211_ATTR_VENDOR_DATA (68 bytes, first 68 bytes): 44 00 00 80 08 00 01 00 64 14 00 00 08 00 02 00 03 00 00 00 12 00 03 00 41 6e 64 72 6f 69 64 41 50 5f 36 33 34 34 00 00 08 00 04 00 03 00 00 00 08 00 05 00 00 00 00 00 0a 00 06 00 77 6c 61 6e 33 00 00 00
[2025-07-02 08:28:54] Event message available
[2025-07-02 08:28:54] netlink no sequence check received
[2025-07-02 08:28:54] nl80211 response handler invoked
[2025-07-02 08:28:54] Netlink msg: cmd=103, len=92
[2025-07-02 08:28:54] nl80211_response_handler: cmd 103, vendorID 4980, subcmd 65032  received
[2025-07-02 08:28:54] NL80211_ATTR_VENDOR_DATA (44 bytes, first 44 bytes): 0a 00 01 00 77 6c 61 6e 33 00 00 00 08 00 02 00 02 00 00 00 08 00 03 00 01 00 00 00 08 00 04 00 00 00 00 00 08 00 05 00 00 00 00 00
[2025-07-02 08:28:54] Event message available
[2025-07-02 08:28:54] netlink no sequence check received
[2025-07-02 08:28:54] nl80211 response handler invoked
[2025-07-02 08:28:54] Netlink msg: cmd=103, len=96
[2025-07-02 08:28:54] nl80211_response_handler: cmd 103, vendorID 4980, subcmd 65036  received
[2025-07-02 08:28:54] NL80211_ATTR_VENDOR_DATA (48 bytes, first 48 bytes): 0a 00 01 00 77 6c 61 6e 33 00 00 00 08 00 02 00 02 00 00 00 08 00 03 00 01 00 00 00 0a 00 04 00 ff ff ff ff ff ff 00 00 08 00 05 00 00 00 00 00
[2025-07-02 08:28:54] Event message available
[2025-07-02 08:28:54] netlink no sequence check received
[2025-07-02 08:28:54] nl80211 response handler invoked
[2025-07-02 08:28:54] Netlink msg: cmd=103, len=92
[2025-07-02 08:28:54] nl80211_response_handler: cmd 103, vendorID 4980, subcmd 101  received
[2025-07-02 08:28:54] NL80211_ATTR_VENDOR_DATA (24 bytes, first 24 bytes): 0c 00 05 00 02 00 00 00 01 00 00 00 0a 00 04 00 ff ff ff ff ff ff 00 00
[2025-07-02 08:28:54] Event message available
[2025-07-02 08:28:54] netlink no sequence check received
[2025-07-02 08:28:54] nl80211 response handler invoked
[2025-07-02 08:28:54] Netlink msg: cmd=103, len=92
[2025-07-02 08:28:54] nl80211_response_handler: cmd 103, vendorID 4980, subcmd 101  received
[2025-07-02 08:28:54] NL80211_ATTR_VENDOR_DATA (24 bytes, first 24 bytes): 0c 00 05 00 02 00 00 00 01 00 00 00 0a 00 04 00 ff ff ff ff ff ff 00 00
[2025-07-02 08:28:54] Event message available
[2025-07-02 08:28:54] netlink no sequence check received
[2025-07-02 08:28:54] nl80211 response handler invoked
[2025-07-02 08:28:54] Netlink msg: cmd=103, len=92
[2025-07-02 08:28:54] nl80211_response_handler: cmd 103, vendorID 4980, subcmd 101  received
[2025-07-02 08:28:54] NL80211_ATTR_VENDOR_DATA (24 bytes, first 24 bytes): 0c 00 05 00 02 00 00 00 01 00 00 00 0a 00 04 00 ff ff ff ff ff ff 00 00
[2025-07-02 08:28:54] Event message available
[2025-07-02 08:28:54] netlink no sequence check received
[2025-07-02 08:28:54] nl80211 response handler invoked
[2025-07-02 08:28:54] Netlink msg: cmd=103, len=68
[2025-07-02 08:28:54] nl80211_response_handler: cmd 103, vendorID 4980, subcmd 65031  received
[2025-07-02 08:28:54] NL80211_ATTR_VENDOR_DATA (20 bytes, first 20 bytes): 0a 00 01 00 77 6c 61 6e 33 00 00 00 08 00 02 00 00 00 00 00
[2025-07-02 08:28:54] Event message available
[2025-07-02 08:28:54] netlink no sequence check received
[2025-07-02 08:28:54] nl80211 response handler invoked
[2025-07-02 08:28:54] Netlink msg: cmd=103, len=92
[2025-07-02 08:28:54] nl80211_response_handler: cmd 103, vendorID 4980, subcmd 65032  received
[2025-07-02 08:28:54] NL80211_ATTR_VENDOR_DATA (44 bytes, first 44 bytes): 0a 00 01 00 77 6c 61 6e 33 00 00 00 08 00 02 00 02 00 00 00 08 00 03 00 01 00 00 00 08 00 04 00 00 00 00 00 08 00 05 00 00 00 00 00
[2025-07-02 08:29:05] Event message available
[2025-07-02 08:29:05] netlink no sequence check received
[2025-07-02 08:29:05] nl80211 response handler invoked
[2025-07-02 08:29:05] Netlink msg: cmd=103, len=84
[2025-07-02 08:29:05] nl80211_response_handler: cmd 103, vendorID 4980, subcmd 65034  received
[2025-07-02 08:29:05] NL80211_ATTR_VENDOR_DATA (36 bytes, first 36 bytes): 0a 00 01 00 77 6c 61 6e 30 00 00 00 08 00 02 00 00 00 00 00 08 00 03 00 24 00 00 00 08 00 04 00 00 00 00 00
[2025-07-02 08:29:09] Event message available
[2025-07-02 08:29:09] netlink no sequence check received
[2025-07-02 08:29:09] nl80211 response handler invoked
[2025-07-02 08:29:09] Netlink msg: cmd=103, len=84
[2025-07-02 08:29:09] nl80211_response_handler: cmd 103, vendorID 4980, subcmd 65034  received
[2025-07-02 08:29:09] NL80211_ATTR_VENDOR_DATA (36 bytes, first 36 bytes): 0a 00 01 00 77 6c 61 6e 30 00 00 00 08 00 02 00 00 00 00 00 08 00 03 00 24 00 00 00 08 00 04 00 00 00 00 00
[2025-07-02 08:29:19] Event message available
[2025-07-02 08:29:19] netlink no sequence check received
[2025-07-02 08:29:19] nl80211 response handler invoked
[2025-07-02 08:29:19] Netlink msg: cmd=103, len=84
[2025-07-02 08:29:19] nl80211_response_handler: cmd 103, vendorID 4980, subcmd 65034  received
[2025-07-02 08:29:19] NL80211_ATTR_VENDOR_DATA (36 bytes, first 36 bytes): 0a 00 01 00 77 6c 61 6e 30 00 00 00 08 00 02 00 00 00 00 00 08 00 03 00 24 00 00 00 08 00 04 00 00 00 00 00
[2025-07-02 08:29:20] Event message available
[2025-07-02 08:29:20] netlink no sequence check received
[2025-07-02 08:29:20] nl80211 response handler invoked
[2025-07-02 08:29:20] Netlink msg: cmd=103, len=84
[2025-07-02 08:29:20] nl80211_response_handler: cmd 103, vendorID 4980, subcmd 65029  received
[2025-07-02 08:29:20] NL80211_ATTR_VENDOR_DATA (36 bytes, first 36 bytes): 0a 00 01 00 77 6c 61 6e 30 00 00 00 0d 00 02 00 4f 70 65 6e 57 72 74 32 47 00 00 00 05 00 03 00 09 00 00 00
[2025-07-02 08:29:20] Event message available
[2025-07-02 08:29:20] netlink no sequence check received
[2025-07-02 08:29:20] nl80211 response handler invoked
[2025-07-02 08:29:20] Netlink msg: cmd=103, len=160
[2025-07-02 08:29:20] nl80211_response_handler: cmd 103, vendorID 4980, subcmd 165  received
[2025-07-02 08:29:20] NL80211_ATTR_VENDOR_DATA (112 bytes, first 112 bytes): 70 00 01 80 2c 00 00 80 08 00 01 00 00 00 00 00 08 00 02 00 02 00 00 00 18 00 03 80 14 00 00 80 08 00 01 00 17 00 00 00 08 00 02 00 64 14 00 00 40 00 01 80 08 00 01 00 01 00 00 00 08 00 02 00 01 00 00 00 2c 00 03 80 14 00 00 80 08 00 01 00 11 00 00 00 08 00 02 00 6c 09 00 00 14 00 01 80 08 00 01 00 16 00 00 00 08 00 02 00 85 09 00 00
[2025-07-02 08:29:20] Event message available
[2025-07-02 08:29:20] netlink no sequence check received
[2025-07-02 08:29:20] nl80211 response handler invoked
[2025-07-02 08:29:20] Netlink msg: cmd=103, len=96
[2025-07-02 08:29:20] nl80211_response_handler: cmd 103, vendorID 4980, subcmd 65037  received
[2025-07-02 08:29:20] NL80211_ATTR_VENDOR_DATA (48 bytes, first 48 bytes): 0a 00 01 00 77 6c 61 6e 30 00 00 00 08 00 02 00 00 00 00 00 08 00 03 00 00 00 00 00 0a 00 04 00 00 03 7f 12 00 00 00 00 08 00 05 00 00 00 00 00
[2025-07-02 08:29:22] Event message available
[2025-07-02 08:29:22] netlink no sequence check received
[2025-07-02 08:29:22] nl80211 response handler invoked
[2025-07-02 08:29:22] Netlink msg: cmd=103, len=160
[2025-07-02 08:29:22] nl80211_response_handler: cmd 103, vendorID 4980, subcmd 165  received
[2025-07-02 08:29:22] NL80211_ATTR_VENDOR_DATA (112 bytes, first 112 bytes): 70 00 01 80 2c 00 00 80 08 00 01 00 00 00 00 00 08 00 02 00 02 00 00 00 18 00 03 80 14 00 00 80 08 00 01 00 17 00 00 00 08 00 02 00 64 14 00 00 40 00 01 80 08 00 01 00 01 00 00 00 08 00 02 00 01 00 00 00 2c 00 03 80 14 00 00 80 08 00 01 00 11 00 00 00 08 00 02 00 6c 09 00 00 14 00 01 80 08 00 01 00 16 00 00 00 08 00 02 00 6c 09 00 00
[2025-07-02 08:29:23] Event message available
[2025-07-02 08:29:23] netlink no sequence check received
[2025-07-02 08:29:23] nl80211 response handler invoked
[2025-07-02 08:29:23] Netlink msg: cmd=103, len=96
[2025-07-02 08:29:23] nl80211_response_handler: cmd 103, vendorID 4980, subcmd 65037  received
[2025-07-02 08:29:23] NL80211_ATTR_VENDOR_DATA (48 bytes, first 48 bytes): 0a 00 01 00 77 6c 61 6e 30 00 00 00 08 00 02 00 00 00 00 00 08 00 03 00 00 00 00 00 0a 00 04 00 00 03 7f 12 00 00 00 00 08 00 05 00 00 00 00 00
[2025-07-02 08:29:26] Event message available
[2025-07-02 08:29:26] netlink no sequence check received
[2025-07-02 08:29:26] nl80211 response handler invoked
[2025-07-02 08:29:26] Netlink msg: cmd=103, len=96
[2025-07-02 08:29:26] nl80211_response_handler: cmd 103, vendorID 4980, subcmd 65037  received
[2025-07-02 08:29:26] NL80211_ATTR_VENDOR_DATA (48 bytes, first 48 bytes): 0a 00 01 00 77 6c 61 6e 30 00 00 00 08 00 02 00 00 00 00 00 08 00 03 00 00 00 00 00 0a 00 04 00 00 03 7f 12 00 00 00 00 08 00 05 00 00 00 00 00
[2025-07-02 08:29:29] Event message available
[2025-07-02 08:29:29] netlink no sequence check received
[2025-07-02 08:29:29] nl80211 response handler invoked
[2025-07-02 08:29:29] Netlink msg: cmd=103, len=84
[2025-07-02 08:29:29] nl80211_response_handler: cmd 103, vendorID 4980, subcmd 65034  received
[2025-07-02 08:29:29] NL80211_ATTR_VENDOR_DATA (36 bytes, first 36 bytes): 0a 00 01 00 77 6c 61 6e 30 00 00 00 08 00 02 00 00 00 00 00 08 00 03 00 24 00 00 00 08 00 04 00 00 00 00 00
[2025-07-02 08:29:30] Event message available
[2025-07-02 08:29:30] netlink no sequence check received
[2025-07-02 08:29:30] nl80211 response handler invoked
[2025-07-02 08:29:30] Netlink msg: cmd=103, len=96
[2025-07-02 08:29:30] nl80211_response_handler: cmd 103, vendorID 4980, subcmd 65037  received
[2025-07-02 08:29:30] NL80211_ATTR_VENDOR_DATA (48 bytes, first 48 bytes): 0a 00 01 00 77 6c 61 6e 30 00 00 00 08 00 02 00 00 00 00 00 08 00 03 00 00 00 00 00 0a 00 04 00 00 03 7f 12 00 00 00 00 08 00 05 00 00 00 00 00
[2025-07-02 08:29:33] Event message available
[2025-07-02 08:29:33] netlink no sequence check received
[2025-07-02 08:29:33] nl80211 response handler invoked
[2025-07-02 08:29:33] Netlink msg: cmd=103, len=96
[2025-07-02 08:29:33] nl80211_response_handler: cmd 103, vendorID 4980, subcmd 65037  received
[2025-07-02 08:29:33] NL80211_ATTR_VENDOR_DATA (48 bytes, first 48 bytes): 0a 00 01 00 77 6c 61 6e 30 00 00 00 08 00 02 00 00 00 00 00 08 00 03 00 00 00 00 00 0a 00 04 00 00 03 7f 12 00 00 00 00 08 00 05 00 00 00 00 00
[2025-07-02 08:29:36] Event message available
[2025-07-02 08:29:36] netlink no sequence check received
[2025-07-02 08:29:36] nl80211 response handler invoked
[2025-07-02 08:29:36] Netlink msg: cmd=103, len=96
[2025-07-02 08:29:36] nl80211_response_handler: cmd 103, vendorID 4980, subcmd 65037  received
[2025-07-02 08:29:36] NL80211_ATTR_VENDOR_DATA (48 bytes, first 48 bytes): 0a 00 01 00 77 6c 61 6e 30 00 00 00 08 00 02 00 00 00 00 00 08 00 03 00 00 00 00 00 0a 00 04 00 00 03 7f 12 00 00 00 00 08 00 05 00 00 00 00 00
[2025-07-02 08:29:39] Event message available
[2025-07-02 08:29:39] netlink no sequence check received
[2025-07-02 08:29:39] nl80211 response handler invoked
[2025-07-02 08:29:39] Netlink msg: cmd=103, len=96
[2025-07-02 08:29:39] nl80211_response_handler: cmd 103, vendorID 4980, subcmd 65037  received
[2025-07-02 08:29:39] NL80211_ATTR_VENDOR_DATA (48 bytes, first 48 bytes): 0a 00 01 00 77 6c 61 6e 30 00 00 00 08 00 02 00 00 00 00 00 08 00 03 00 00 00 00 00 0a 00 04 00 00 03 7f 12 00 00 00 00 08 00 05 00 00 00 00 00
[2025-07-02 08:29:39] Event message available
[2025-07-02 08:29:39] netlink no sequence check received
[2025-07-02 08:29:39] nl80211 response handler invoked
[2025-07-02 08:29:39] Netlink msg: cmd=103, len=84
[2025-07-02 08:29:39] nl80211_response_handler: cmd 103, vendorID 4980, subcmd 65034  received
[2025-07-02 08:29:39] NL80211_ATTR_VENDOR_DATA (36 bytes, first 36 bytes): 0a 00 01 00 77 6c 61 6e 30 00 00 00 08 00 02 00 00 00 00 00 08 00 03 00 24 00 00 00 08 00 04 00 00 00 00 00
[2025-07-02 08:29:42] Event message available
[2025-07-02 08:29:42] netlink no sequence check received
[2025-07-02 08:29:42] nl80211 response handler invoked
[2025-07-02 08:29:42] Netlink msg: cmd=103, len=96
[2025-07-02 08:29:42] nl80211_response_handler: cmd 103, vendorID 4980, subcmd 65037  received
[2025-07-02 08:29:42] NL80211_ATTR_VENDOR_DATA (48 bytes, first 48 bytes): 0a 00 01 00 77 6c 61 6e 30 00 00 00 08 00 02 00 00 00 00 00 08 00 03 00 00 00 00 00 0a 00 04 00 00 03 7f 12 00 00 00 00 08 00 05 00 00 00 00 00
[2025-07-02 08:29:43] Event message available
[2025-07-02 08:29:43] netlink no sequence check received
[2025-07-02 08:29:43] nl80211 response handler invoked
[2025-07-02 08:29:43] Netlink msg: cmd=103, len=84
[2025-07-02 08:29:43] nl80211_response_handler: cmd 103, vendorID 4980, subcmd 65034  received
[2025-07-02 08:29:43] NL80211_ATTR_VENDOR_DATA (36 bytes, first 36 bytes): 0a 00 01 00 77 6c 61 6e 30 00 00 00 08 00 02 00 00 00 00 00 08 00 03 00 24 00 00 00 08 00 04 00 00 00 00 00
[2025-07-02 08:29:43] Event message available
[2025-07-02 08:29:43] netlink no sequence check received
[2025-07-02 08:29:43] nl80211 response handler invoked
[2025-07-02 08:29:43] Netlink msg: cmd=103, len=76
[2025-07-02 08:29:43] nl80211_response_handler: cmd 103, vendorID 4980, subcmd 188  received
[2025-07-02 08:29:43] NL80211_ATTR_VENDOR_DATA (8 bytes, first 8 bytes): 08 00 01 00 6c 09 00 00
[2025-07-02 08:29:43] Event message available
[2025-07-02 08:29:43] netlink no sequence check received
[2025-07-02 08:29:43] nl80211 response handler invoked
[2025-07-02 08:29:43] Netlink msg: cmd=103, len=76
[2025-07-02 08:29:43] nl80211_response_handler: cmd 103, vendorID 4980, subcmd 189  received
[2025-07-02 08:29:43] NL80211_ATTR_VENDOR_DATA (8 bytes, first 8 bytes): 08 00 25 00 00 00 00 00
[2025-07-02 08:29:43] Event message available
[2025-07-02 08:29:43] netlink no sequence check received
[2025-07-02 08:29:43] nl80211 response handler invoked
[2025-07-02 08:29:43] Netlink msg: cmd=103, len=68
[2025-07-02 08:29:43] nl80211_response_handler: cmd 103, vendorID 4980, subcmd 65030  received
[2025-07-02 08:29:43] NL80211_ATTR_VENDOR_DATA (20 bytes, first 20 bytes): 0a 00 01 00 77 6c 61 6e 30 00 00 00 06 00 02 00 03 00 00 00
[2025-07-02 08:29:43] Event message available
[2025-07-02 08:29:43] netlink no sequence check received
[2025-07-02 08:29:43] nl80211 response handler invoked
[2025-07-02 08:29:43] Netlink msg: cmd=103, len=80
[2025-07-02 08:29:43] nl80211_response_handler: cmd 103, vendorID 4980, subcmd 65029  received
[2025-07-02 08:29:43] NL80211_ATTR_VENDOR_DATA (32 bytes, first 32 bytes): 0a 00 01 00 77 6c 61 6e 30 00 00 00 0a 00 02 00 58 69 61 6f 6d 69 00 00 05 00 03 00 06 00 00 00
[2025-07-02 08:29:43] Event message available
[2025-07-02 08:29:43] netlink no sequence check received
[2025-07-02 08:29:43] nl80211 response handler invoked
[2025-07-02 08:29:43] Netlink msg: cmd=103, len=96
[2025-07-02 08:29:43] nl80211_response_handler: cmd 103, vendorID 4980, subcmd 65037  received
[2025-07-02 08:29:43] NL80211_ATTR_VENDOR_DATA (48 bytes, first 48 bytes): 0a 00 01 00 77 6c 61 6e 30 00 00 00 08 00 02 00 00 00 00 00 08 00 03 00 00 00 00 00 0a 00 04 00 6a 2d d9 d9 93 ea 00 00 08 00 05 00 00 00 00 00
[2025-07-02 08:29:44] Event message available
[2025-07-02 08:29:44] netlink no sequence check received
[2025-07-02 08:29:44] nl80211 response handler invoked
[2025-07-02 08:29:44] Netlink msg: cmd=103, len=160
[2025-07-02 08:29:44] nl80211_response_handler: cmd 103, vendorID 4980, subcmd 165  received
[2025-07-02 08:29:44] NL80211_ATTR_VENDOR_DATA (112 bytes, first 112 bytes): 70 00 01 80 40 00 00 80 08 00 01 00 00 00 00 00 08 00 02 00 02 00 00 00 2c 00 03 80 14 00 00 80 08 00 01 00 11 00 00 00 08 00 02 00 85 16 00 00 14 00 01 80 08 00 01 00 17 00 00 00 08 00 02 00 85 16 00 00 2c 00 01 80 08 00 01 00 01 00 00 00 08 00 02 00 01 00 00 00 18 00 03 80 14 00 00 80 08 00 01 00 16 00 00 00 08 00 02 00 6c 09 00 00
[2025-07-02 08:29:45] Event message available
[2025-07-02 08:29:45] netlink no sequence check received
[2025-07-02 08:29:45] nl80211 response handler invoked
[2025-07-02 08:29:45] Netlink msg: cmd=103, len=84
[2025-07-02 08:29:45] nl80211_response_handler: cmd 103, vendorID 4980, subcmd 65034  received
[2025-07-02 08:29:45] NL80211_ATTR_VENDOR_DATA (36 bytes, first 36 bytes): 0a 00 01 00 77 6c 61 6e 30 00 00 00 08 00 02 00 00 00 00 00 08 00 03 00 24 00 00 00 08 00 04 00 00 00 00 00
[2025-07-02 08:29:46] Event message available
[2025-07-02 08:29:46] netlink no sequence check received
[2025-07-02 08:29:46] nl80211 response handler invoked
[2025-07-02 08:29:46] Netlink msg: cmd=103, len=96
[2025-07-02 08:29:46] nl80211_response_handler: cmd 103, vendorID 4980, subcmd 65037  received
[2025-07-02 08:29:46] NL80211_ATTR_VENDOR_DATA (48 bytes, first 48 bytes): 0a 00 01 00 77 6c 61 6e 30 00 00 00 08 00 02 00 00 00 00 00 08 00 03 00 00 00 00 00 0a 00 04 00 6a 2d d9 d9 93 ea 00 00 08 00 05 00 00 00 00 00
[2025-07-02 08:29:49] Event message available
[2025-07-02 08:29:49] netlink no sequence check received
[2025-07-02 08:29:49] nl80211 response handler invoked
[2025-07-02 08:29:49] Netlink msg: cmd=103, len=84
[2025-07-02 08:29:49] nl80211_response_handler: cmd 103, vendorID 4980, subcmd 65034  received
[2025-07-02 08:29:49] NL80211_ATTR_VENDOR_DATA (36 bytes, first 36 bytes): 0a 00 01 00 77 6c 61 6e 30 00 00 00 08 00 02 00 00 00 00 00 08 00 03 00 24 00 00 00 08 00 04 00 00 00 00 00
[2025-07-02 08:29:49] Event message available
[2025-07-02 08:29:49] netlink no sequence check received
[2025-07-02 08:29:49] nl80211 response handler invoked
[2025-07-02 08:29:49] Netlink msg: cmd=103, len=96
[2025-07-02 08:29:49] nl80211_response_handler: cmd 103, vendorID 4980, subcmd 65037  received
[2025-07-02 08:29:49] NL80211_ATTR_VENDOR_DATA (48 bytes, first 48 bytes): 0a 00 01 00 77 6c 61 6e 30 00 00 00 08 00 02 00 00 00 00 00 08 00 03 00 00 00 00 00 0a 00 04 00 6a 2d d9 d9 93 ea 00 00 08 00 05 00 00 00 00 00
[2025-07-02 08:29:52] Event message available
[2025-07-02 08:29:52] netlink no sequence check received
[2025-07-02 08:29:52] nl80211 response handler invoked
[2025-07-02 08:29:52] Netlink msg: cmd=103, len=96
[2025-07-02 08:29:52] nl80211_response_handler: cmd 103, vendorID 4980, subcmd 65037  received
[2025-07-02 08:29:52] NL80211_ATTR_VENDOR_DATA (48 bytes, first 48 bytes): 0a 00 01 00 77 6c 61 6e 30 00 00 00 08 00 02 00 00 00 00 00 08 00 03 00 00 00 00 00 0a 00 04 00 6a 2d d9 d9 93 ea 00 00 08 00 05 00 00 00 00 00
[2025-07-02 08:29:54] Event message available
[2025-07-02 08:29:54] netlink no sequence check received
[2025-07-02 08:29:54] nl80211 response handler invoked
[2025-07-02 08:29:54] Netlink msg: cmd=103, len=84
[2025-07-02 08:29:54] nl80211_response_handler: cmd 103, vendorID 4980, subcmd 65034  received
[2025-07-02 08:29:54] NL80211_ATTR_VENDOR_DATA (36 bytes, first 36 bytes): 0a 00 01 00 77 6c 61 6e 30 00 00 00 08 00 02 00 00 00 00 00 08 00 03 00 24 00 00 00 08 00 04 00 00 00 00 00
[2025-07-02 08:29:55] Event message available
[2025-07-02 08:29:55] netlink no sequence check received
[2025-07-02 08:29:55] nl80211 response handler invoked
[2025-07-02 08:29:55] Netlink msg: cmd=103, len=96
[2025-07-02 08:29:55] nl80211_response_handler: cmd 103, vendorID 4980, subcmd 65037  received
[2025-07-02 08:29:55] NL80211_ATTR_VENDOR_DATA (48 bytes, first 48 bytes): 0a 00 01 00 77 6c 61 6e 30 00 00 00 08 00 02 00 00 00 00 00 08 00 03 00 00 00 00 00 0a 00 04 00 6a 2d d9 d9 93 ea 00 00 08 00 05 00 00 00 00 00
[2025-07-02 08:29:58] Event message available
[2025-07-02 08:29:58] netlink no sequence check received
[2025-07-02 08:29:58] nl80211 response handler invoked
[2025-07-02 08:29:58] Netlink msg: cmd=103, len=96
[2025-07-02 08:29:58] nl80211_response_handler: cmd 103, vendorID 4980, subcmd 65037  received
[2025-07-02 08:29:58] NL80211_ATTR_VENDOR_DATA (48 bytes, first 48 bytes): 0a 00 01 00 77 6c 61 6e 30 00 00 00 08 00 02 00 00 00 00 00 08 00 03 00 00 00 00 00 0a 00 04 00 6a 2d d9 d9 93 ea 00 00 08 00 05 00 00 00 00 00
[2025-07-02 08:30:00] Event message available
[2025-07-02 08:30:00] netlink no sequence check received
[2025-07-02 08:30:00] nl80211 response handler invoked
[2025-07-02 08:30:00] Netlink msg: cmd=103, len=84
[2025-07-02 08:30:00] nl80211_response_handler: cmd 103, vendorID 4980, subcmd 65034  received
[2025-07-02 08:30:00] NL80211_ATTR_VENDOR_DATA (36 bytes, first 36 bytes): 0a 00 01 00 77 6c 61 6e 30 00 00 00 08 00 02 00 00 00 00 00 08 00 03 00 24 00 00 00 08 00 04 00 00 00 00 00
[2025-07-02 08:30:01] Event message available
[2025-07-02 08:30:01] netlink no sequence check received
[2025-07-02 08:30:01] nl80211 response handler invoked
[2025-07-02 08:30:01] Netlink msg: cmd=103, len=96
[2025-07-02 08:30:01] nl80211_response_handler: cmd 103, vendorID 4980, subcmd 65037  received
[2025-07-02 08:30:01] NL80211_ATTR_VENDOR_DATA (48 bytes, first 48 bytes): 0a 00 01 00 77 6c 61 6e 30 00 00 00 08 00 02 00 00 00 00 00 08 00 03 00 00 00 00 00 0a 00 04 00 6a 2d d9 d9 93 ea 00 00 08 00 05 00 00 00 00 00
[2025-07-02 08:30:04] Event message available
[2025-07-02 08:30:04] netlink no sequence check received
[2025-07-02 08:30:04] nl80211 response handler invoked
[2025-07-02 08:30:04] Netlink msg: cmd=103, len=96
[2025-07-02 08:30:04] nl80211_response_handler: cmd 103, vendorID 4980, subcmd 65037  received
[2025-07-02 08:30:04] NL80211_ATTR_VENDOR_DATA (48 bytes, first 48 bytes): 0a 00 01 00 77 6c 61 6e 30 00 00 00 08 00 02 00 00 00 00 00 08 00 03 00 00 00 00 00 0a 00 04 00 6a 2d d9 d9 93 ea 00 00 08 00 05 00 00 00 00 00
[2025-07-02 08:30:07] Event message available
[2025-07-02 08:30:07] netlink no sequence check received
[2025-07-02 08:30:07] nl80211 response handler invoked
[2025-07-02 08:30:07] Netlink msg: cmd=103, len=96
[2025-07-02 08:30:07] nl80211_response_handler: cmd 103, vendorID 4980, subcmd 65037  received
[2025-07-02 08:30:07] NL80211_ATTR_VENDOR_DATA (48 bytes, first 48 bytes): 0a 00 01 00 77 6c 61 6e 30 00 00 00 08 00 02 00 00 00 00 00 08 00 03 00 00 00 00 00 0a 00 04 00 6a 2d d9 d9 93 ea 00 00 08 00 05 00 00 00 00 00
[2025-07-02 08:30:08] Event message available
[2025-07-02 08:30:08] netlink no sequence check received
[2025-07-02 08:30:08] nl80211 response handler invoked
[2025-07-02 08:30:08] Netlink msg: cmd=103, len=84
[2025-07-02 08:30:08] nl80211_response_handler: cmd 103, vendorID 4980, subcmd 188  received
[2025-07-02 08:30:08] NL80211_ATTR_VENDOR_DATA (16 bytes, first 16 bytes): 10 00 01 00 c1 16 00 00 85 16 00 00 9e 09 00 00
[2025-07-02 08:30:08] Event message available
[2025-07-02 08:30:08] netlink no sequence check received
[2025-07-02 08:30:08] nl80211 response handler invoked
[2025-07-02 08:30:08] Netlink msg: cmd=103, len=76
[2025-07-02 08:30:08] nl80211_response_handler: cmd 103, vendorID 4980, subcmd 189  received
[2025-07-02 08:30:08] NL80211_ATTR_VENDOR_DATA (8 bytes, first 8 bytes): 08 00 25 00 00 00 00 00
[2025-07-02 08:30:08] Event message available
[2025-07-02 08:30:08] netlink no sequence check received
[2025-07-02 08:30:08] nl80211 response handler invoked
[2025-07-02 08:30:08] Netlink msg: cmd=103, len=84
[2025-07-02 08:30:08] nl80211_response_handler: cmd 103, vendorID 4980, subcmd 65034  received
[2025-07-02 08:30:08] NL80211_ATTR_VENDOR_DATA (36 bytes, first 36 bytes): 0a 00 01 00 77 6c 61 6e 30 00 00 00 08 00 02 00 00 00 00 00 08 00 03 00 24 00 00 00 08 00 04 00 00 00 00 00
[2025-07-02 08:30:20] Event message available
[2025-07-02 08:30:20] netlink no sequence check received
[2025-07-02 08:30:20] nl80211 response handler invoked
[2025-07-02 08:30:20] Netlink msg: cmd=103, len=84
[2025-07-02 08:30:20] nl80211_response_handler: cmd 103, vendorID 4980, subcmd 65034  received
[2025-07-02 08:30:20] NL80211_ATTR_VENDOR_DATA (36 bytes, first 36 bytes): 0a 00 01 00 77 6c 61 6e 30 00 00 00 08 00 02 00 00 00 00 00 08 00 03 00 24 00 00 00 08 00 04 00 00 00 00 00
[2025-07-02 08:30:23] Event message available
[2025-07-02 08:30:23] netlink no sequence check received
[2025-07-02 08:30:23] nl80211 response handler invoked
[2025-07-02 08:30:23] Netlink msg: cmd=103, len=92
[2025-07-02 08:30:23] nl80211_response_handler: cmd 103, vendorID 4980, subcmd 101  received
[2025-07-02 08:30:23] NL80211_ATTR_VENDOR_DATA (24 bytes, first 24 bytes): 0c 00 05 00 02 00 00 00 01 00 00 00 0a 00 04 00 ff ff ff ff ff ff 00 00
[2025-07-02 08:30:23] Event message available
[2025-07-02 08:30:23] netlink no sequence check received
[2025-07-02 08:30:23] nl80211 response handler invoked
[2025-07-02 08:30:23] Netlink msg: cmd=103, len=92
[2025-07-02 08:30:23] nl80211_response_handler: cmd 103, vendorID 4980, subcmd 101  received
[2025-07-02 08:30:23] NL80211_ATTR_VENDOR_DATA (24 bytes, first 24 bytes): 0c 00 05 00 02 00 00 00 01 00 00 00 0a 00 04 00 ff ff ff ff ff ff 00 00
[2025-07-02 08:30:23] Event message available
[2025-07-02 08:30:23] netlink no sequence check received
[2025-07-02 08:30:23] nl80211 response handler invoked
[2025-07-02 08:30:23] Netlink msg: cmd=103, len=92
[2025-07-02 08:30:23] nl80211_response_handler: cmd 103, vendorID 4980, subcmd 101  received
[2025-07-02 08:30:23] NL80211_ATTR_VENDOR_DATA (24 bytes, first 24 bytes): 0c 00 05 00 02 00 00 00 01 00 00 00 0a 00 04 00 ff ff ff ff ff ff 00 00
[2025-07-02 08:30:23] Event message available
[2025-07-02 08:30:23] netlink no sequence check received
[2025-07-02 08:30:23] nl80211 response handler invoked
[2025-07-02 08:30:23] Netlink msg: cmd=103, len=92
[2025-07-02 08:30:23] nl80211_response_handler: cmd 103, vendorID 4980, subcmd 101  received
[2025-07-02 08:30:23] NL80211_ATTR_VENDOR_DATA (24 bytes, first 24 bytes): 0c 00 05 00 02 00 00 00 01 00 00 00 0a 00 04 00 76 fa 35 0b 92 d4 00 00
[2025-07-02 08:30:26] Event message available
[2025-07-02 08:30:26] netlink no sequence check received
[2025-07-02 08:30:26] nl80211 response handler invoked
[2025-07-02 08:30:26] Netlink msg: cmd=103, len=152
[2025-07-02 08:30:26] nl80211_response_handler: cmd 103, vendorID 4980, subcmd 65038  received
[2025-07-02 08:30:26] NL80211_ATTR_VENDOR_DATA (104 bytes, first 104 bytes): 0a 00 01 00 77 6c 61 6e 33 00 00 00 0a 00 02 00 76 fa 35 0b 92 d4 00 00 08 00 03 00 85 16 00 00 08 00 04 00 e0 ff ff ff 08 00 05 00 cc f2 04 00 08 00 06 00 d8 fe 0a 00 08 00 07 00 03 00 00 00 08 00 08 00 00 00 00 00 08 00 09 00 00 00 00 00 0c 00 0a 00 3b 9d ff ff 00 00 00 00 0c 00 0b 00 84 a0 ff ff 00 00 00 00
[2025-07-02 08:30:26] Event message available
[2025-07-02 08:30:26] netlink no sequence check received
[2025-07-02 08:30:26] nl80211 response handler invoked
[2025-07-02 08:30:26] Netlink msg: cmd=103, len=96
[2025-07-02 08:30:26] nl80211_response_handler: cmd 103, vendorID 4980, subcmd 65036  received
[2025-07-02 08:30:26] NL80211_ATTR_VENDOR_DATA (48 bytes, first 48 bytes): 0a 00 01 00 77 6c 61 6e 33 00 00 00 08 00 02 00 02 00 00 00 08 00 03 00 01 00 00 00 0a 00 04 00 76 fa 35 0b 92 d4 00 00 08 00 05 00 fe ff ff ff
[2025-07-02 08:30:28] Event message available
[2025-07-02 08:30:28] netlink no sequence check received
[2025-07-02 08:30:28] nl80211 response handler invoked
[2025-07-02 08:30:28] Netlink msg: cmd=103, len=84
[2025-07-02 08:30:28] nl80211_response_handler: cmd 103, vendorID 4980, subcmd 65034  received
[2025-07-02 08:30:28] NL80211_ATTR_VENDOR_DATA (36 bytes, first 36 bytes): 0a 00 01 00 77 6c 61 6e 30 00 00 00 08 00 02 00 00 00 00 00 08 00 03 00 24 00 00 00 08 00 04 00 00 00 00 00
[2025-07-02 08:30:30] Event message available
[2025-07-02 08:30:30] netlink no sequence check received
[2025-07-02 08:30:30] nl80211 response handler invoked
[2025-07-02 08:30:30] Netlink msg: cmd=103, len=92
[2025-07-02 08:30:30] nl80211_response_handler: cmd 103, vendorID 4980, subcmd 101  received
[2025-07-02 08:30:30] NL80211_ATTR_VENDOR_DATA (24 bytes, first 24 bytes): 0c 00 05 00 02 00 00 00 01 00 00 00 0a 00 04 00 76 fa 35 0b 92 d4 00 00
[2025-07-02 08:30:37] Event message available
[2025-07-02 08:30:37] netlink no sequence check received
[2025-07-02 08:30:37] nl80211 response handler invoked
[2025-07-02 08:30:37] Netlink msg: cmd=103, len=152
[2025-07-02 08:30:37] nl80211_response_handler: cmd 103, vendorID 4980, subcmd 65038  received
[2025-07-02 08:30:37] NL80211_ATTR_VENDOR_DATA (104 bytes, first 104 bytes): 0a 00 01 00 77 6c 61 6e 33 00 00 00 0a 00 02 00 76 fa 35 0b 92 d4 00 00 08 00 03 00 85 16 00 00 08 00 04 00 e8 ff ff ff 08 00 05 00 34 e5 09 00 08 00 06 00 bc a8 0e 00 08 00 07 00 01 00 00 00 08 00 08 00 00 00 00 00 08 00 09 00 00 00 00 00 0c 00 0a 00 3b 9d ff ff 00 00 00 00 0c 00 0b 00 29 ab ff ff 00 00 00 00
[2025-07-02 08:30:37] Event message available
[2025-07-02 08:30:37] netlink no sequence check received
[2025-07-02 08:30:37] nl80211 response handler invoked
[2025-07-02 08:30:37] Netlink msg: cmd=103, len=96
[2025-07-02 08:30:37] nl80211_response_handler: cmd 103, vendorID 4980, subcmd 65036  received
[2025-07-02 08:30:37] NL80211_ATTR_VENDOR_DATA (48 bytes, first 48 bytes): 0a 00 01 00 77 6c 61 6e 33 00 00 00 08 00 02 00 02 00 00 00 08 00 03 00 01 00 00 00 0a 00 04 00 76 fa 35 0b 92 d4 00 00 08 00 05 00 00 00 00 00
[2025-07-02 08:30:37] Event message available
[2025-07-02 08:30:37] netlink no sequence check received
[2025-07-02 08:30:37] nl80211 response handler invoked
[2025-07-02 08:30:37] Netlink msg: cmd=103, len=96
[2025-07-02 08:30:37] nl80211_response_handler: cmd 103, vendorID 4980, subcmd 65036  received
[2025-07-02 08:30:37] NL80211_ATTR_VENDOR_DATA (48 bytes, first 48 bytes): 0a 00 01 00 77 6c 61 6e 33 00 00 00 08 00 02 00 02 00 00 00 08 00 03 00 01 00 00 00 0a 00 04 00 76 fa 35 0b 92 d4 00 00 08 00 05 00 fe ff ff ff
[2025-07-02 08:30:37] Event message available
[2025-07-02 08:30:37] netlink no sequence check received
[2025-07-02 08:30:37] nl80211 response handler invoked
[2025-07-02 08:30:37] Netlink msg: cmd=103, len=68
[2025-07-02 08:30:37] nl80211_response_handler: cmd 103, vendorID 4980, subcmd 65028  received
[2025-07-02 08:30:37] NL80211_ATTR_VENDOR_DATA (20 bytes, first 20 bytes): 0a 00 01 00 77 6c 61 6e 32 00 00 00 08 00 02 00 00 00 00 00
[2025-07-02 08:30:37] Event message available
[2025-07-02 08:30:37] netlink no sequence check received
[2025-07-02 08:30:37] nl80211 response handler invoked
[2025-07-02 08:30:37] Netlink msg: cmd=103, len=96
[2025-07-02 08:30:37] nl80211_response_handler: cmd 103, vendorID 4980, subcmd 165  received
[2025-07-02 08:30:37] NL80211_ATTR_VENDOR_DATA (48 bytes, first 48 bytes): 30 00 01 80 2c 00 00 80 08 00 01 00 00 00 00 00 08 00 02 00 02 00 00 00 18 00 03 80 14 00 00 80 08 00 01 00 17 00 00 00 08 00 02 00 85 16 00 00
[2025-07-02 08:30:37] Event message available
[2025-07-02 08:30:37] netlink no sequence check received
[2025-07-02 08:30:37] nl80211 response handler invoked
[2025-07-02 08:30:37] Netlink msg: cmd=103, len=80
[2025-07-02 08:30:37] nl80211_response_handler: cmd 103, vendorID 4980, subcmd 65040  received
[2025-07-02 08:30:37] NL80211_ATTR_VENDOR_DATA (32 bytes, first 32 bytes): 0a 00 01 00 77 6c 61 6e 32 00 00 00 0a 00 02 00 a6 bf 44 75 d4 9c 00 00 08 00 03 00 00 00 00 00
[2025-07-02 08:30:37] Event message available
[2025-07-02 08:30:37] netlink no sequence check received
[2025-07-02 08:30:37] nl80211 response handler invoked
[2025-07-02 08:30:37] Netlink msg: cmd=103, len=96
[2025-07-02 08:30:37] nl80211_response_handler: cmd 103, vendorID 4980, subcmd 65036  received
[2025-07-02 08:30:37] NL80211_ATTR_VENDOR_DATA (48 bytes, first 48 bytes): 0a 00 01 00 77 6c 61 6e 33 00 00 00 08 00 02 00 02 00 00 00 08 00 03 00 01 00 00 00 0a 00 04 00 76 fa 35 0b 92 d4 00 00 08 00 05 00 fe ff ff ff
[2025-07-02 08:30:37] Event message available
[2025-07-02 08:30:37] netlink no sequence check received
[2025-07-02 08:30:37] nl80211 response handler invoked
[2025-07-02 08:30:37] Netlink msg: cmd=103, len=68
[2025-07-02 08:30:37] nl80211_response_handler: cmd 103, vendorID 4980, subcmd 65031  received
[2025-07-02 08:30:37] NL80211_ATTR_VENDOR_DATA (20 bytes, first 20 bytes): 0a 00 01 00 77 6c 61 6e 33 00 00 00 08 00 02 00 00 00 00 00
[2025-07-02 08:30:37] Event message available
[2025-07-02 08:30:37] netlink no sequence check received
[2025-07-02 08:30:37] nl80211 response handler invoked
[2025-07-02 08:30:37] Netlink msg: cmd=103, len=68
[2025-07-02 08:30:37] nl80211_response_handler: cmd 103, vendorID 4980, subcmd 65028  received
[2025-07-02 08:30:37] NL80211_ATTR_VENDOR_DATA (20 bytes, first 20 bytes): 0a 00 01 00 77 6c 61 6e 33 00 00 00 08 00 02 00 00 00 00 00
[2025-07-02 08:30:37] Event message available
[2025-07-02 08:30:37] netlink no sequence check received
[2025-07-02 08:30:37] nl80211 response handler invoked
[2025-07-02 08:30:37] Netlink msg: cmd=103, len=80
[2025-07-02 08:30:37] nl80211_response_handler: cmd 103, vendorID 4980, subcmd 65040  received
[2025-07-02 08:30:37] NL80211_ATTR_VENDOR_DATA (32 bytes, first 32 bytes): 0a 00 01 00 77 6c 61 6e 33 00 00 00 0a 00 02 00 a6 40 bb 75 d4 9c 00 00 08 00 03 00 00 00 00 00
